0.41 8.57 1.99 3.55 3.46 6.74 8.87 7.76 8.21 5.69 2.17 3.80 0.33 8.79 2.41 8.48 3.16 5.05 3.81 7.27 1.12 0.69 8.65 7.41 4.64 5.80 6.06 2.93 8.91 9.80 1.81 9.33 8.37 3.81 2.88 1.82 0.54 1.75 9.58 8.75 7.44 1.75 2.56 7.77 0.54 4.97 6.26 3.70 0.03 0.07 0.97 1.15 0.75 9.62 8.56 5.40 5.42 4.62 8.32 4.34 4.42 0.14 3.66 2.78 3.94 6.54 4.61 4.49 8.29 4.19 3.24 5.72 5.94 5.80 3.50 6.47 0.77 9.75 0.18 0.80 9.82 1.15 1.94 0.57 0.77 0.50 5.97 6.19 5.12 4.29 0.53 9.54 4.43 4.19 2.32 8.38 0.73 6.93 2.87 9.02 
1.11 6.11 4.74 7.05 1.91 8.24 3.52 2.68 7.99 3.70 3.48 7.80 4.85 5.42 8.38 5.61 5.92 4.35 1.80 1.04 8.64 2.33 0.58 3.07 6.52 2.90 1.45 7.25 9.83 4.32 6.26 0.95 0.43 1.00 8.00 2.34 9.24 1.52 5.02 7.23 5.22 8.50 5.03 0.07 3.92 3.41 5.68 9.84 7.75 7.48 0.88 6.39 9.81 1.47 9.47 6.33 4.37 0.92 3.57 4.20 5.24 9.83 5.15 5.67 0.84 3.14 8.01 0.08 4.66 3.03 7.30 9.88 1.52 2.34 9.95 5.45 5.75 5.63 5.29 3.50 3.11 6.17 9.89 2.92 7.64 9.36 9.24 2.01 0.28 2.81 6.21 5.52 2.65 1.36 1.19 3.48 4.50 9.20 3.56 9.16 
2.22 0.86 9.04 3.75 3.20 8.99 9.19 8.95 4.61 4.48 2.45 7.72 0.65 2.34 0.64 8.29 1.70 9.88 0.30 1.99 2.69 6.51 7.51 5.34 7.87 8.70 8.82 2.37 7.90 2.38 1.53 0.12 3.24 0.57 3.86 6.44 9.56 3.06 5.39 4.17 7.54 7.83 1.89 8.19 0.18 2.53 6.49 1.88 2.41 6.79 3.86 5.10 3.31 1.37 0.44 1.18 0.07 9.26 3.55 7.97 1.64 5.08 8.08 4.88 5.65 1.95 1.32 5.21 5.01 6.71 9.38 2.55 4.55 1.28 0.74 4.72 3.81 7.23 6.60 6.22 4.02 0.46 1.32 7.32 1.84 1.76 8.50 1.91 1.01 2.04 9.87 2.65 7.12 7.95 7.53 2.77 9.90 8.86 7.98 4.91 
5.57 7.36 7.45 0.11 8.64 8.19 4.84 2.44 5.42 1.44 8.66 9.44 1.90 9.98 6.76 3.74 1.73 5.26 5.64 2.75 7.30 5.51 5.40 4.43 3.47 2.93 7.19 3.37 1.79 5.17 8.28 7.35 2.53 5.73 7.47 1.17 3.93 2.30 3.61 9.35 3.74 2.27 8.79 5.64 2.25 5.55 9.38 3.98 0.81 5.02 6.72 8.11 0.53 2.12 2.54 4.00 5.05 9.73 7.38 6.83 4.90 5.66 4.19 7.43 1.39 1.65 8.60 5.32 3.96 2.21 4.67 7.70 4.48 3.45 3.34 6.73 9.00 2.72 0.70 9.81 7.74 7.42 7.92 8.27 9.54 0.46 2.28 4.59 0.19 9.65 1.42 5.10 5.31 5.61 2.53 6.70 7.26 1.13 2.02 1.22 
3.34 6.69 8.92 7.82 0.14 2.26 4.55 9.14 4.98 5.25 8.95 2.72 2.67 6.87 0.99 2.22 7.34 3.27 6.81 7.53 2.93 8.23 2.63 8.23 3.84 5.16 4.93 1.10 6.29 6.95 2.32 9.63 3.64 1.24 7.46 3.78 3.50 2.01 2.92 8.48 7.26 1.88 1.20 9.94 8.75 2.20 2.15 6.09 5.47 8.96 3.62 8.40 7.19 6.24 6.63 1.02 1.40 1.57 2.12 7.69 8.52 4.44 7.32 2.16 5.68 4.78 5.94 9.19 6.79 8.87 7.67 4.05 0.74 8.87 3.99 9.49 1.07 6.14 5.58 6.55 5.10 9.20 4.94 2.29 5.44 1.57 3.31 6.84 3.14 5.43 4.53 1.66 9.87 1.85 3.82 5.56 6.64 9.76 4.74 3.43 
8.62 2.41 7.49 9.37 1.28 1.48 8.86 2.36 7.62 4.44 8.90 2.72 3.64 3.84 5.01 9.08 5.42 8.31 5.92 8.56 3.75 0.45 0.21 3.62 2.31 4.03 9.17 8.94 3.79 3.91 2.37 2.41 6.32 9.86 1.78 7.61 1.34 0.64 9.96 8.95 5.09 8.87 1.67 8.73 2.71 6.68 7.81 8.13 4.99 3.73 6.69 8.74 4.18 6.90 2.36 6.49 0.93 1.53 5.43 4.72 5.44 7.81 7.14 1.77 7.67 8.92 9.37 9.00 9.56 9.34 7.96 4.65 8.20 9.63 3.38 0.91 6.31 1.19 9.04 1.31 4.92 5.73 0.05 9.11 2.63 2.40 5.59 3.56 3.93 1.03 8.28 9.38 8.84 5.42 1.14 6.50 4.33 0.52 5.51 3.90 
9.85 3.47 8.54 8.06 3.10 1.92 8.97 9.41 3.11 8.01 0.72 8.03 3.74 0.76 7.14 6.37 3.16 2.73 9.93 7.10 3.76 8.21 6.47 2.60 3.63 7.62 9.10 7.96 8.14 4.61 1.86 7.99 8.07 0.40 6.05 1.17 2.33 5.02 0.58 5.44 3.03 1.30 3.47 6.77 2.06 0.61 3.14 5.22 3.34 3.07 2.32 7.11 1.28 8.79 9.70 4.91 6.41 8.80 2.88 4.55 3.41 4.74 2.54 1.48 5.14 8.59 2.65 7.47 3.61 3.23 2.91 6.64 4.53 6.38 3.41 6.59 6.99 6.56 1.81 0.33 9.63 4.13 7.44 0.91 2.92 7.14 5.82 9.33 5.94 8.70 3.88 9.35 3.44 6.42 0.84 8.58 5.01 3.49 6.05 8.61 
6.72 8.95 5.25 1.25 5.33 8.67 7.84 2.32 5.22 9.65 2.66 4.85 3.78 0.10 5.76 6.70 7.24 1.59 6.03 3.18 0.29 9.91 2.54 3.72 6.33 3.37 2.30 1.34 6.86 8.35 9.96 3.58 7.30 5.21 4.84 2.63 3.88 2.68 4.95 9.10 2.33 7.60 3.95 6.11 7.70 9.71 2.81 4.94 1.30 8.85 8.12 1.58 8.76 0.66 5.30 5.10 4.03 7.60 6.44 0.89 5.95 6.39 4.47 3.25 1.60 9.31 5.88 5.48 1.99 0.82 4.58 4.32 8.43 8.53 0.43 6.13 8.24 3.24 1.07 9.54 2.09 9.19 1.12 0.86 9.84 6.43 5.96 3.87 4.03 2.39 4.77 9.98 8.79 9.24 3.23 0.39 8.55 9.10 5.88 0.54 
9.93 0.46 4.85 8.36 8.99 5.28 4.48 7.23 8.53 5.55 6.77 0.62 4.73 7.89 1.48 4.58 4.32 7.43 8.45 8.35 9.83 3.22 8.33 8.62 2.46 1.56 9.01 1.01 0.66 4.89 1.54 0.59 5.34 6.39 8.94 4.33 1.68 3.42 1.56 0.20 8.97 8.33 0.82 3.71 6.22 2.30 8.28 0.54 9.74 6.74 8.89 9.57 9.96 7.22 8.18 2.42 8.77 7.19 3.42 9.43 2.08 4.96 0.01 7.42 1.36 8.96 1.75 3.04 2.38 3.32 3.24 1.35 1.65 4.06 5.06 7.87 6.37 3.34 8.42 6.10 0.08 7.30 5.67 0.04 4.52 3.85 2.45 3.29 1.04 5.88 2.72 3.12 0.84 2.73 0.54 2.20 1.69 2.30 5.23 4.07 
5.61 8.47 5.42 7.27 2.54 0.48 5.14 8.90 3.82 3.56 5.01 3.90 0.86 0.68 3.94 5.38 4.53 6.40 8.67 5.57 2.27 1.38 8.70 3.11 4.12 9.24 5.31 5.81 1.54 0.54 9.88 7.15 9.02 5.30 4.41 1.55 5.77 9.55 0.46 9.60 3.11 5.47 3.50 3.97 6.15 7.44 9.34 0.68 3.84 8.01 6.25 6.11 9.40 4.95 9.22 3.51 4.19 4.53 9.32 5.72 5.08 9.19 2.87 4.09 4.49 7.29 5.65 0.27 6.84 6.11 9.86 9.95 1.58 3.36 3.92 7.73 0.80 3.26 8.40 4.64 1.27 4.66 0.75 0.67 9.60 9.97 4.18 3.79 4.50 3.50 9.51 9.58 2.70 2.38 3.67 7.19 9.67 9.32 7.45 6.51 
5.43 7.31 6.46 7.01 0.68 0.38 4.74 1.48 3.64 3.14 6.12 4.92 7.80 6.86 5.59 7.40 6.83 9.77 1.19 1.33 3.27 0.70 0.91 5.97 3.09 4.58 3.15 2.76 3.90 0.60 9.27 9.33 7.92 5.73 6.34 8.60 6.11 1.08 0.07 9.75 4.22 6.19 4.67 2.01 3.05 0.26 9.42 9.88 0.03 0.61 1.21 3.30 1.31 2.12 9.26 4.40 6.70 2.42 7.16 0.61 3.02 6.43 9.94 0.94 2.15 6.29 9.54 8.26 7.36 9.61 8.02 1.58 5.80 2.69 3.60 8.85 2.94 3.01 8.73 2.97 3.62 9.94 6.27 4.94 2.07 5.53 9.34 8.77 7.95 6.49 9.38 0.97 2.92 9.32 1.91 5.07 5.61 1.45 3.34 2.97 
1.05 1.35 4.56 6.85 4.04 8.15 5.70 6.98 1.17 4.43 9.96 4.79 4.38 6.22 9.73 6.44 1.76 9.06 5.22 9.71 5.56 4.59 0.68 8.48 3.92 2.59 3.55 9.52 4.03 6.89 2.49 5.09 8.24 7.05 1.94 2.28 5.20 7.64 9.27 6.37 2.07 9.22 1.16 6.45 5.45 0.89 2.90 7.21 9.95 8.11 6.91 5.50 2.71 7.59 3.98 6.62 0.17 7.53 6.14 4.20 4.42 8.64 9.29 2.66 5.69 1.23 4.94 0.89 8.87 4.21 7.26 0.94 3.44 8.42 7.39 8.89 9.31 0.29 6.09 9.26 8.40 3.00 4.76 1.10 0.59 8.74 7.73 0.76 6.27 3.87 4.97 0.68 2.50 4.26 3.34 8.19 5.49 8.29 9.08 4.36 
2.50 6.34 5.30 5.93 4.76 2.69 4.82 4.06 2.98 0.91 3.32 1.38 3.92 8.08 2.48 4.51 6.82 0.21 5.27 3.08 4.08 0.24 3.77 6.58 4.50 7.11 4.77 9.98 5.40 3.85 4.34 7.90 0.19 9.64 3.83 4.95 2.33 8.65 9.01 5.31 9.56 2.33 6.68 3.48 0.41 9.16 7.98 7.22 9.37 3.25 0.31 3.45 3.49 4.08 0.03 7.99 1.19 4.80 7.97 6.58 8.65 2.31 4.48 8.84 1.95 8.31 3.78 4.28 6.96 2.79 9.59 6.52 5.12 6.27 9.99 5.53 5.43 7.97 2.75 4.80 1.23 3.06 8.25 4.72 7.14 8.28 2.71 8.32 3.07 0.68 4.91 1.72 3.00 9.38 0.56 4.95 7.69 4.34 9.23 4.65 
7.13 8.81 1.17 2.25 5.08 1.16 7.78 0.51 9.13 0.54 5.31 0.36 3.60 3.56 5.07 0.73 1.84 7.78 9.05 4.91 8.46 3.96 6.64 1.46 3.34 7.19 6.41 1.04 1.54 5.63 5.69 8.67 4.44 6.85 0.92 9.52 8.01 8.70 0.03 7.14 9.24 5.35 7.50 2.83 8.91 2.57 3.57 0.75 0.35 2.62 5.66 8.82 6.58 2.30 0.27 9.93 9.49 6.68 0.96 1.03 2.31 6.65 9.70 6.76 3.50 0.62 6.28 1.51 9.32 6.31 8.65 8.56 1.66 6.15 1.39 0.57 8.72 4.96 1.32 9.07 7.58 6.98 7.89 4.16 9.28 8.17 4.09 8.77 4.85 5.05 9.80 7.16 1.70 9.49 3.91 5.20 0.11 0.19 6.71 9.43 
6.50 5.36 7.99 8.16 1.51 9.38 8.73 0.23 4.34 0.05 9.30 1.93 7.03 7.19 6.09 6.31 5.36 0.17 5.08 0.20 5.22 4.88 7.36 6.92 4.37 1.27 2.12 4.48 1.46 8.83 3.91 7.97 4.18 1.90 6.13 5.69 1.29 4.87 5.92 5.63 4.92 5.22 7.56 1.95 2.41 3.64 8.26 7.77 3.82 3.34 7.97 9.04 8.22 5.33 5.96 2.59 6.60 8.08 7.07 8.06 6.90 0.99 6.03 1.09 2.89 2.16 6.78 4.17 7.03 2.70 9.80 1.95 7.92 7.36 3.90 0.33 1.00 2.17 8.09 4.82 5.51 6.06 3.86 3.73 1.39 9.82 6.33 7.99 7.89 3.40 6.05 4.80 4.38 2.08 5.89 7.27 4.25 2.67 1.44 1.28 
5.36 1.25 3.23 3.28 8.61 7.13 3.60 9.61 9.30 1.70 4.42 4.81 7.76 8.28 8.55 9.15 8.10 4.87 7.14 5.99 8.27 3.19 0.79 2.66 5.27 6.68 9.93 9.52 9.34 1.37 0.79 4.71 2.62 4.02 7.98 1.23 1.16 1.59 0.83 0.46 3.28 5.26 5.27 1.04 3.54 3.82 0.19 1.63 8.69 7.33 7.62 6.97 0.52 8.41 9.62 5.79 5.09 9.55 5.31 4.43 0.93 6.10 9.14 3.55 0.13 7.12 4.78 1.28 8.71 5.61 1.74 1.99 0.87 7.01 3.04 4.41 0.83 3.23 6.04 9.52 0.55 3.67 6.49 1.07 2.08 6.11 6.86 7.17 5.66 2.17 1.60 6.59 8.27 0.74 0.14 8.40 7.86 4.92 9.68 6.57 
0.53 1.42 8.56 1.40 8.43 1.60 5.80 9.26 4.83 1.84 8.78 5.38 5.51 5.27 6.45 7.59 1.37 3.32 4.76 7.04 5.49 6.36 3.63 3.76 7.10 3.76 2.16 4.97 8.68 1.85 1.54 9.21 3.27 0.10 0.60 1.70 1.70 6.41 0.95 6.52 8.25 9.73 1.90 3.76 5.00 8.36 1.35 6.37 1.67 6.11 3.41 7.16 2.48 7.03 0.92 9.58 0.80 3.09 4.55 9.48 4.93 6.08 8.69 8.20 6.18 9.29 9.89 7.88 5.70 0.84 4.40 3.95 0.58 6.31 7.71 5.57 4.66 9.07 1.95 6.33 5.18 5.35 3.49 7.66 2.39 4.42 7.24 3.19 7.50 1.79 2.67 2.43 7.87 1.35 0.63 4.06 0.64 0.52 1.94 6.34 
1.37 6.34 0.29 1.94 2.65 8.00 7.52 7.31 7.07 9.46 3.64 2.25 4.82 7.14 9.91 7.20 1.55 7.16 0.39 9.06 8.95 3.06 1.49 6.82 4.41 2.12 0.88 5.05 2.64 2.81 1.39 4.00 9.16 1.68 5.95 1.80 9.69 3.46 9.11 6.76 2.92 2.75 9.02 7.74 9.89 8.93 4.94 1.45 6.09 5.34 0.50 5.03 8.39 1.99 1.86 2.80 4.11 2.73 7.86 6.75 5.55 9.25 0.76 4.70 0.93 6.70 6.51 0.62 0.17 5.62 7.38 3.09 8.37 6.40 0.83 8.26 5.33 5.77 9.71 1.42 1.11 0.21 6.45 9.50 2.20 8.31 2.31 6.31 1.04 0.16 3.06 6.59 9.41 3.82 1.29 0.34 0.52 7.80 0.97 0.69 
3.41 8.35 3.78 1.78 4.75 4.61 0.04 0.08 0.38 9.75 1.50 1.49 9.96 7.95 0.99 2.16 6.26 3.30 8.48 7.30 3.46 1.54 3.89 2.87 5.36 5.18 3.21 5.88 2.97 4.18 6.57 6.39 2.53 0.34 8.17 7.28 4.95 8.21 7.36 5.33 7.96 8.86 6.82 7.92 6.81 7.81 0.09 3.07 1.11 8.56 0.37 4.57 0.10 4.26 7.44 5.46 9.44 0.65 1.35 2.41 4.83 7.91 8.80 7.36 8.26 6.96 4.64 3.21 5.18 2.00 8.54 3.14 0.86 5.36 1.06 7.68 3.17 1.15 0.75 4.28 9.72 1.12 8.85 9.82 5.37 6.28 5.29 4.81 6.94 6.63 7.22 1.77 4.54 6.01 9.13 2.80 2.98 3.77 6.01 8.16 
5.78 4.55 1.30 6.64 9.91 2.36 4.32 3.08 3.51 5.06 7.35 3.23 6.18 6.20 3.05 1.55 2.49 8.34 6.36 9.42 4.97 3.58 1.19 9.51 9.59 0.32 2.31 2.57 4.09 8.32 0.73 9.87 2.86 2.03 6.51 2.77 4.39 0.82 5.85 7.90 5.89 3.20 1.13 2.07 9.40 4.18 3.62 1.89 2.52 9.98 1.31 7.48 3.56 2.50 6.99 3.16 2.82 9.30 5.73 6.91 7.62 6.46 6.78 0.48 8.48 3.29 3.25 2.87 4.11 9.10 0.77 10.00 2.30 1.90 2.07 1.70 6.08 5.69 3.59 8.60 5.67 4.90 6.08 9.23 7.40 3.07 2.38 0.22 2.37 8.11 7.14 9.99 4.57 3.92 0.48 3.05 7.21 3.73 5.92 1.32 
2.83 6.69 1.32 5.13 8.59 3.38 6.83 4.68 9.07 0.43 3.27 4.73 5.33 9.35 3.96 2.74 2.42 6.34 2.96 4.80 4.46 0.10 4.79 9.03 4.01 5.26 2.08 1.22 8.99 8.00 2.54 1.82 4.70 3.85 6.95 3.29 7.24 3.79 7.97 6.31 4.22 1.24 1.04 9.55 0.59 5.00 2.28 3.02 1.35 5.24 7.82 5.80 5.34 2.61 4.83 9.35 7.87 6.91 0.57 6.87 4.91 3.11 8.69 9.61 6.96 5.64 2.91 4.20 9.43 0.88 0.51 3.65 2.12 1.55 3.20 2.71 6.55 5.48 5.73 7.90 0.72 3.55 3.71 6.06 6.16 8.54 5.42 4.03 5.44 5.99 0.89 0.36 9.09 9.58 9.97 6.05 5.22 2.88 0.25 4.66 
3.76 0.76 8.31 5.88 2.31 1.51 8.59 8.86 6.99 4.33 6.76 7.71 7.87 0.47 3.78 4.03 9.00 9.19 8.06 4.45 5.18 8.95 4.81 4.27 8.53 4.78 0.32 3.75 7.66 0.57 8.41 1.42 1.33 6.72 7.30 3.64 8.23 5.89 2.49 5.21 0.21 9.26 2.93 8.09 9.72 6.70 2.12 8.73 5.89 0.17 3.17 1.07 9.12 7.98 5.34 7.65 2.76 5.66 1.40 0.42 6.23 9.82 1.83 7.56 6.53 9.13 1.20 4.76 5.02 3.69 9.97 5.23 2.95 2.90 3.32 2.67 9.60 5.44 1.40 5.50 5.61 4.57 6.57 4.73 2.55 1.91 2.39 5.30 7.57 3.79 5.72 3.80 3.61 7.55 1.36 0.14 6.68 2.56 4.90 1.70 
6.25 4.87 6.93 9.20 7.77 0.25 1.87 7.37 5.68 3.27 2.87 1.29 7.84 9.44 6.03 0.38 1.35 8.41 5.69 8.92 2.20 1.41 2.72 5.81 8.96 4.08 5.95 5.64 6.64 0.85 7.34 2.90 5.72 4.27 2.10 3.49 4.52 3.97 0.86 0.20 7.24 3.73 1.50 5.07 3.17 7.52 5.46 4.51 5.93 1.15 3.43 8.14 2.55 6.15 3.94 1.51 0.23 9.89 7.16 6.88 0.74 4.50 9.77 6.46 8.77 1.87 9.95 3.29 5.84 0.81 3.50 3.08 4.54 4.99 8.15 7.71 2.51 3.61 2.22 8.45 4.76 5.65 6.59 7.31 1.80 0.53 8.83 2.04 0.42 5.99 8.92 1.16 0.49 8.69 7.62 9.26 0.56 7.56 2.55 6.40 
8.37 6.05 9.48 2.91 1.04 7.64 0.62 3.55 1.25 2.84 2.00 6.01 8.50 8.59 3.32 0.30 9.12 2.15 2.34 9.54 8.14 1.26 0.70 8.62 9.95 8.31 7.88 0.51 5.88 0.44 6.91 4.25 6.48 6.40 7.16 7.52 4.03 7.78 1.07 5.28 0.62 3.08 1.29 9.12 1.66 4.62 9.42 0.78 6.77 1.77 0.32 4.91 3.02 1.02 3.53 2.97 9.33 1.42 3.48 5.21 1.85 0.39 9.45 8.34 6.78 6.61 5.86 0.82 4.39 6.93 6.10 5.02 0.01 7.40 4.14 1.67 2.01 3.56 2.45 8.78 5.33 2.77 3.69 8.35 3.79 7.23 1.32 3.12 8.65 4.79 8.32 0.50 5.18 7.78 8.84 1.97 4.39 4.70 2.78 8.78 
1.63 8.89 3.80 1.64 6.28 7.94 3.31 8.29 1.50 5.76 7.08 6.83 8.54 0.77 5.18 2.32 8.00 6.50 5.44 6.65 1.29 3.77 7.15 6.48 1.55 5.98 8.44 5.94 0.68 1.23 4.72 2.30 0.11 8.52 3.94 6.39 6.46 7.25 4.69 7.97 3.01 1.76 4.80 1.55 2.53 9.98 3.87 0.53 6.48 9.32 7.18 7.78 3.08 4.32 4.25 4.63 0.31 2.70 0.56 0.98 3.92 5.29 3.29 4.04 3.81 7.23 0.43 0.27 4.48 5.12 8.24 7.49 6.88 3.04 9.04 9.41 3.02 2.91 9.95 9.50 2.23 7.13 7.28 5.31 1.45 1.54 9.94 1.76 4.23 0.50 2.74 8.16 5.79 6.03 2.19 9.60 3.25 2.62 9.87 7.73 
7.74 8.11 5.23 4.62 1.15 4.27 4.03 4.17 7.18 3.98 3.67 9.41 1.10 0.95 4.72 2.55 2.49 4.66 4.31 6.72 5.16 7.05 4.87 0.95 3.07 7.07 0.55 6.33 9.69 0.42 4.06 7.43 8.53 9.29 2.04 9.67 3.55 6.07 3.84 0.73 0.05 7.51 0.14 1.15 8.46 4.86 3.71 0.95 9.51 8.02 7.66 4.67 5.06 2.54 5.62 8.14 9.61 6.17 4.46 9.30 6.59 8.52 6.73 5.12 7.81 8.77 4.79 1.36 4.84 8.63 2.09 4.90 6.14 2.23 6.05 4.60 7.08 9.76 5.54 6.60 7.77 3.21 1.27 2.84 5.75 6.90 0.97 5.35 3.07 5.43 4.65 9.66 3.95 1.38 4.78 1.76 0.15 9.57 3.12 4.99 
8.20 5.21 9.89 4.34 7.44 5.94 8.94 4.52 5.69 4.49 1.12 3.47 7.69 2.39 6.30 3.44 9.29 7.27 8.79 2.36 2.70 3.45 2.02 6.66 4.82 6.81 8.42 4.97 6.38 1.54 9.96 4.58 6.75 9.85 8.93 4.18 5.79 7.87 8.70 1.48 2.36 9.82 4.95 0.05 2.22 1.25 3.49 1.51 8.52 2.28 3.87 1.22 5.73 5.89 7.88 0.55 2.70 6.30 5.52 9.08 7.84 5.49 3.66 4.58 5.34 2.59 8.77 1.12 0.46 7.47 2.60 2.82 7.30 7.55 2.87 9.51 8.80 6.35 1.02 7.32 8.64 4.89 8.54 4.37 0.78 6.42 4.92 3.48 2.72 0.44 2.55 0.56 5.93 6.22 5.15 1.26 8.81 3.91 2.39 9.27 
1.38 4.99 2.09 8.68 2.54 4.95 8.19 1.34 1.31 9.21 8.65 9.95 4.10 7.20 4.31 4.87 3.62 9.24 8.35 6.35 9.68 0.90 6.91 5.61 7.12 2.05 6.87 5.93 5.97 9.26 5.20 7.35 4.25 7.29 6.03 6.79 2.24 4.23 8.12 3.55 3.44 6.78 3.50 7.53 3.97 7.81 2.41 7.59 7.05 0.75 3.94 6.73 1.66 0.85 2.33 8.78 2.90 9.21 4.71 8.87 8.47 9.91 6.22 2.71 7.20 2.25 9.50 9.44 6.48 7.62 2.99 9.92 4.40 6.48 7.45 8.37 4.29 9.85 5.97 1.34 0.61 9.91 8.07 2.27 0.75 0.40 1.04 3.65 9.61 5.75 2.52 8.07 5.66 8.75 0.78 2.86 1.00 0.28 2.29 7.48 
7.90 5.28 7.40 2.30 1.76 4.84 0.67 6.05 4.70 6.64 7.39 5.30 6.54 5.46 7.57 7.30 5.86 8.61 0.95 5.46 4.37 3.48 3.53 0.03 2.22 4.32 2.88 3.22 4.60 5.17 0.70 2.50 0.45 8.10 4.80 2.21 2.94 5.47 8.27 7.64 2.11 5.66 2.94 8.65 1.12 0.51 5.95 6.98 9.13 6.90 2.44 3.49 0.38 5.97 3.52 2.60 0.29 6.40 5.82 4.89 1.58 6.52 7.39 2.03 4.62 2.19 4.24 7.56 7.66 2.51 5.19 9.77 8.17 8.13 8.42 9.29 8.64 4.37 6.27 7.77 1.27 8.71 1.26 1.65 4.68 4.78 4.25 4.97 1.18 0.07 9.85 2.76 6.59 7.24 4.78 1.21 9.43 9.03 8.77 7.09 
1.54 3.96 6.86 9.71 2.09 5.28 9.00 0.74 9.65 5.27 8.51 0.92 3.98 9.77 2.57 8.66 4.55 6.82 3.63 5.73 6.89 3.48 8.49 3.48 0.72 3.27 4.69 0.15 2.30 3.46 7.24 3.84 7.42 4.10 3.55 9.51 9.38 2.55 0.25 9.03 7.82 8.76 9.95 1.80 8.53 2.53 0.46 3.08 9.35 4.09 8.82 6.24 7.57 7.30 9.72 8.30 0.58 4.41 8.45 2.88 7.87 5.69 6.71 5.28 9.79 0.26 4.79 9.17 2.82 5.05 8.20 0.64 3.81 8.15 2.45 2.34 0.67 2.91 5.42 0.02 7.00 4.24 6.26 4.57 1.54 5.98 2.87 2.12 0.39 1.32 5.00 8.25 7.01 1.71 3.54 6.80 1.98 8.33 5.97 4.79 
3.38 4.16 5.44 7.18 2.31 7.88 9.52 2.99 0.79 4.94 3.01 7.80 9.18 9.27 2.37 0.72 5.25 5.24 2.84 5.64 6.56 7.84 3.90 3.57 9.55 7.43 0.38 1.52 5.76 6.35 6.32 9.14 0.51 1.75 6.32 2.82 9.64 5.84 5.81 0.43 0.79 8.82 8.23 9.97 8.09 0.60 0.69 3.35 5.84 3.53 8.99 2.40 1.37 2.89 5.98 0.92 0.32 6.35 2.44 6.08 2.70 8.76 5.23 3.21 0.51 1.55 6.03 0.15 7.39 1.84 0.58 8.18 0.67 8.81 8.15 8.76 9.41 8.84 2.10 5.25 2.37 1.09 7.65 3.75 3.98 3.62 4.66 4.30 9.98 7.11 0.38 2.67 5.87 5.61 5.88 6.38 7.16 1.92 6.53 4.55 
3.76 7.11 2.73 4.43 5.92 0.88 3.18 5.33 9.72 5.29 0.58 2.09 6.38 8.22 5.84 0.36 1.85 0.50 4.66 1.82 7.61 5.04 4.50 3.48 0.65 0.38 9.86 7.81 2.30 6.39 2.36 6.06 3.50 5.09 0.48 9.43 5.97 3.67 4.76 5.69 8.95 5.33 7.78 5.34 3.56 3.62 5.70 5.41 4.12 0.36 7.23 1.74 5.40 1.73 5.21 6.05 2.11 5.07 3.86 4.40 1.46 6.22 0.46 4.96 1.30 0.94 4.39 7.27 4.61 9.14 2.96 3.56 4.48 0.74 8.90 8.04 4.36 4.60 3.45 8.49 4.95 0.68 0.22 0.35 2.40 5.44 6.41 4.51 0.51 0.26 8.91 1.97 6.48 9.37 6.93 7.78 0.31 1.32 5.05 4.92 
0.46 8.01 8.48 4.94 8.75 7.38 2.98 3.11 1.97 6.43 1.60 6.92 7.10 1.82 7.28 9.50 7.25 3.68 4.01 7.76 3.95 2.92 9.73 0.43 2.29 6.66 8.21 2.61 7.98 3.26 7.52 8.44 1.27 6.00 3.38 0.02 3.38 6.36 3.13 5.35 2.79 4.73 2.27 9.89 6.55 9.55 9.39 3.80 3.24 3.40 1.56 7.18 6.33 1.29 7.61 8.62 7.95 5.82 1.23 5.93 9.08 8.75 4.38 0.35 4.75 7.76 0.37 8.13 4.13 3.51 3.48 6.92 8.24 5.76 6.81 4.79 5.31 6.20 8.59 8.55 9.61 0.15 5.73 5.93 1.44 3.34 4.55 9.40 9.16 5.78 5.33 8.24 4.53 9.71 8.59 9.29 7.47 8.96 7.42 1.60 
2.47 0.90 8.51 0.70 6.66 5.32 5.49 1.97 1.52 4.08 0.52 1.13 4.23 6.25 7.06 5.67 9.59 1.62 5.06 8.75 7.40 0.39 6.98 1.93 0.10 5.57 1.21 7.57 4.53 8.63 9.17 7.00 9.53 7.68 7.70 6.19 3.00 3.19 8.16 4.53 7.27 8.68 5.65 1.49 4.93 2.72 7.16 4.51 4.33 2.22 3.26 1.73 2.62 0.24 3.65 2.72 5.81 4.87 0.29 0.34 3.50 9.45 7.34 3.03 7.13 5.04 9.23 0.14 8.23 7.39 4.66 5.49 6.07 0.32 6.99 1.00 3.03 4.15 5.51 7.36 6.37 8.77 9.09 8.98 9.01 2.75 1.70 4.82 7.61 1.98 5.16 1.11 1.44 2.50 4.14 8.57 7.54 3.37 8.70 5.76 
0.76 3.36 1.26 6.83 3.68 8.24 7.83 6.71 2.39 3.34 4.08 8.76 2.11 3.17 7.74 1.12 5.92 9.44 5.95 3.53 1.42 1.11 4.64 2.86 3.61 8.79 1.42 1.15 2.16 0.13 6.91 2.92 3.49 8.17 9.74 7.17 6.41 7.57 3.89 8.80 0.91 7.97 7.55 3.01 1.14 5.29 4.14 7.05 4.73 0.08 0.58 6.15 1.19 5.23 9.00 4.80 4.02 0.43 5.95 6.17 0.56 2.86 9.09 4.05 1.02 8.83 1.22 7.43 6.40 5.11 6.23 7.31 3.08 3.79 0.32 4.21 9.08 4.46 1.27 3.81 4.54 1.85 9.96 5.74 7.08 8.96 0.54 1.09 9.39 6.49 7.26 9.94 9.35 6.35 3.99 0.37 5.19 5.22 7.80 1.59 
0.33 4.04 8.90 3.40 7.83 9.22 7.62 6.91 3.68 8.88 0.72 8.23 0.73 0.67 3.97 7.81 9.64 4.51 8.90 9.02 1.00 6.16 8.97 0.34 2.52 2.96 0.71 7.70 8.18 8.52 9.29 8.50 2.56 8.19 1.91 0.38 7.42 9.52 7.29 1.10 8.40 8.01 9.33 9.14 8.68 3.30 6.94 8.32 7.81 5.84 7.34 8.80 2.01 6.31 9.15 4.52 9.27 9.86 2.23 7.45 8.38 1.52 5.95 0.94 9.72 7.86 1.32 7.13 7.39 8.61 8.23 5.79 6.62 7.56 4.93 5.31 0.86 1.87 3.63 8.67 7.71 0.97 7.47 9.72 7.28 6.62 4.24 6.55 6.48 6.47 4.00 4.86 7.99 9.96 5.79 7.71 7.82 7.12 4.84 5.20 
5.73 3.07 1.00 2.35 0.64 5.92 7.66 1.50 7.79 1.29 0.16 5.50 2.26 7.63 5.22 9.54 4.25 9.46 6.10 0.72 5.93 0.10 5.58 3.93 0.05 1.38 1.64 7.87 8.49 6.48 3.08 4.22 9.55 4.07 6.58 0.19 9.99 4.24 1.68 7.78 5.53 1.85 3.28 7.79 9.48 8.50 7.33 3.73 7.96 3.43 4.45 3.89 3.53 0.03 7.82 3.58 1.41 9.46 1.45 9.90 5.93 4.52 4.12 5.48 8.59 0.70 5.67 8.59 4.94 7.35 6.37 0.47 9.20 9.65 8.26 8.68 8.15 5.60 2.40 6.11 9.02 6.85 0.01 2.55 6.88 7.83 6.13 8.29 7.28 7.58 8.19 3.21 2.10 2.31 8.70 0.70 3.02 4.37 9.28 7.96 
1.72 5.65 8.43 0.92 5.30 6.69 9.60 3.45 2.29 2.00 9.56 1.32 8.86 9.57 3.87 5.74 7.39 9.99 4.03 4.67 7.57 2.22 7.89 9.67 4.54 6.58 0.37 7.55 0.95 9.65 5.51 2.66 5.30 3.94 3.58 0.60 0.64 3.18 4.04 2.93 5.18 3.61 4.24 4.04 3.17 8.11 9.78 0.57 8.10 3.81 5.24 5.67 6.03 3.12 5.34 0.57 9.70 5.71 8.12 0.65 5.36 3.63 3.31 0.66 7.58 6.90 1.25 8.21 0.08 5.30 1.14 5.26 8.90 5.38 9.30 2.08 3.49 9.08 2.64 1.59 2.89 7.88 7.27 8.92 1.00 2.61 9.49 0.71 8.32 7.61 1.35 3.68 1.24 4.67 4.34 8.82 1.57 5.59 7.03 1.65 
0.89 8.17 6.91 9.80 3.55 6.21 1.87 7.04 5.29 4.52 8.64 8.18 2.39 5.90 7.09 3.40 8.51 6.58 4.10 6.83 4.19 5.46 0.52 5.43 0.13 4.86 4.24 1.69 0.45 1.27 3.34 1.34 9.44 0.25 1.14 2.99 6.46 3.01 0.03 1.74 7.53 8.67 9.92 9.92 4.57 7.02 3.32 3.08 3.60 7.42 9.91 7.78 2.88 0.43 3.21 3.01 5.28 7.45 4.70 5.73 8.72 8.04 7.08 8.15 8.28 8.22 1.14 4.74 1.23 1.17 6.48 8.76 9.84 6.40 8.68 4.41 3.42 2.00 7.48 7.02 9.43 7.40 4.80 2.31 7.82 8.01 5.32 3.10 5.46 0.02 8.84 4.17 8.05 5.92 2.33 6.34 4.13 3.47 1.08 5.37 
4.64 7.56 4.13 4.49 3.96 2.81 8.89 7.38 4.81 6.38 4.40 4.24 3.77 9.20 6.55 1.59 7.21 1.87 4.70 2.66 1.88 3.54 6.84 9.94 9.45 9.16 6.27 3.59 2.63 7.35 8.95 7.28 4.91 3.08 1.76 8.88 5.89 0.66 6.26 0.70 7.03 0.66 4.94 0.81 9.86 1.49 2.40 7.07 3.36 7.10 9.73 5.24 0.64 6.57 5.17 0.09 5.73 1.45 3.68 8.36 8.80 2.63 5.64 3.71 5.71 7.40 2.59 1.60 8.06 8.85 2.30 5.09 9.52 7.24 5.90 9.38 8.73 8.30 6.45 2.08 5.40 6.18 7.32 6.04 2.74 2.50 6.13 8.47 3.94 9.81 6.83 2.75 2.44 2.47 6.46 8.15 9.87 9.05 9.75 7.93 
7.91 2.04 3.03 7.42 9.28 8.93 6.80 8.01 7.23 3.24 0.09 2.64 9.42 7.41 8.68 2.16 9.90 4.81 0.63 3.85 4.63 7.46 6.59 7.07 9.93 3.06 5.22 9.80 2.11 4.97 7.73 0.01 7.01 0.76 7.43 6.29 9.69 4.23 4.30 6.92 7.48 4.38 9.56 6.90 1.79 8.24 9.06 1.69 3.05 9.68 5.54 7.68 7.14 2.14 4.75 7.07 5.19 9.97 6.87 7.30 4.94 4.60 7.31 1.95 5.36 4.75 8.24 5.05 8.98 2.53 1.96 6.45 6.92 1.52 3.35 8.71 9.76 2.40 0.41 2.81 2.09 5.95 0.48 9.23 8.09 5.23 6.30 3.28 5.20 3.17 0.58 0.13 7.77 7.89 2.08 3.13 2.63 0.32 8.17 1.61 
2.85 0.14 8.06 9.77 1.66 1.41 8.48 1.42 3.81 8.89 4.23 5.90 4.84 4.71 5.13 2.92 9.94 1.43 6.20 5.14 4.59 6.78 5.27 2.36 4.66 7.35 5.49 7.30 7.67 3.67 8.91 0.53 3.81 6.97 0.30 5.47 8.38 8.78 6.88 2.19 7.67 1.11 8.09 2.51 5.82 3.22 5.43 5.76 4.65 1.63 0.90 9.24 8.40 6.17 1.60 3.07 3.53 7.10 0.37 1.20 0.76 9.27 1.73 4.57 6.25 2.03 0.03 4.63 0.81 6.92 6.82 8.48 8.03 4.91 0.99 3.85 8.13 6.42 9.61 2.78 8.05 0.51 2.02 6.46 6.68 3.62 9.53 0.20 0.72 9.89 1.40 1.48 9.17 3.13 6.05 5.41 5.16 6.09 0.04 5.97 
3.00 6.86 4.46 1.03 1.77 5.45 4.88 9.90 1.88 4.48 2.68 9.93 4.99 4.69 6.38 1.67 8.32 5.91 1.87 9.04 5.80 3.28 0.52 4.97 6.41 6.57 0.38 1.57 2.65 0.42 7.54 5.66 7.28 2.00 6.69 9.05 7.45 1.56 8.95 9.33 6.05 1.63 9.26 1.04 6.32 5.64 2.70 4.64 1.55 4.57 3.68 7.36 7.85 4.19 2.33 4.26 0.76 2.71 5.83 3.41 3.13 3.37 9.07 0.41 5.38 5.76 9.47 2.83 7.32 8.42 2.16 3.37 0.05 1.42 4.40 6.37 7.06 7.11 1.01 8.61 1.68 4.69 5.97 9.53 8.88 8.29 3.79 9.64 1.00 9.62 3.05 4.14 2.99 2.12 4.55 8.37 7.88 4.02 1.20 5.20 
2.44 3.36 8.57 2.48 4.78 2.97 8.86 1.84 0.07 9.87 0.45 1.75 4.56 6.42 1.28 3.44 4.72 5.07 3.08 5.72 4.69 6.13 9.86 7.68 8.26 4.41 6.04 6.13 8.43 7.24 1.33 0.86 0.60 9.90 3.35 5.38 2.87 2.21 7.22 2.94 2.08 7.68 4.70 6.63 4.10 5.98 0.07 8.82 1.05 3.15 4.54 5.74 9.29 4.40 3.42 7.54 8.82 9.46 3.68 7.24 6.71 5.01 8.11 7.31 4.91 1.46 2.69 7.78 3.66 9.92 0.72 5.74 7.59 5.41 2.37 1.70 1.39 2.45 0.52 2.45 5.60 5.06 8.19 4.89 9.47 1.61 2.43 8.28 1.07 6.11 5.53 7.78 1.12 3.63 5.09 6.03 5.09 7.78 3.81 8.76 
7.70 4.53 4.49 5.29 9.94 6.87 6.99 1.33 9.31 7.51 3.78 4.91 2.57 1.97 9.80 2.04 3.57 2.23 0.32 4.65 8.34 5.84 2.43 9.47 9.48 7.52 5.50 4.57 5.30 9.31 3.33 3.00 3.84 7.82 8.29 3.77 4.69 5.28 5.11 4.00 2.79 8.89 8.91 5.35 0.85 8.72 7.39 4.43 0.95 7.71 9.08 9.29 3.55 1.50 8.76 3.03 9.02 4.26 7.60 4.32 3.57 0.92 7.32 7.41 8.74 5.61 1.18 3.43 0.89 6.29 7.43 3.67 5.18 6.35 9.02 6.03 5.06 6.41 0.46 6.01 4.12 9.54 5.31 7.67 1.04 4.07 0.70 0.06 8.33 8.30 4.37 1.90 9.22 1.69 9.31 7.96 7.29 0.49 1.40 8.18 
6.78 8.83 1.85 1.96 5.17 0.87 7.99 0.23 7.29 8.45 6.24 1.41 7.99 1.55 9.08 9.02 5.62 9.78 9.08 3.95 8.07 3.45 5.85 7.29 5.14 5.16 5.26 2.44 5.65 6.65 0.62 2.43 5.48 2.47 4.39 0.65 3.34 2.38 0.89 0.63 0.83 7.13 2.04 8.82 8.68 1.12 7.84 4.30 0.89 6.92 8.24 8.97 0.38 4.10 6.26 5.52 9.26 1.52 7.96 4.91 8.17 8.58 7.34 3.65 1.05 1.73 4.30 4.39 4.11 5.19 5.02 4.94 2.32 7.06 3.76 1.00 8.18 1.60 5.30 9.07 8.52 3.54 8.04 8.90 7.64 4.30 4.42 6.89 5.82 2.38 1.80 3.99 0.96 9.14 7.64 2.00 0.87 1.94 6.40 4.98 
7.13 1.42 9.92 9.45 8.48 3.68 0.45 6.66 5.28 5.75 5.73 3.80 9.29 3.77 2.70 6.92 8.07 7.12 3.82 3.88 9.50 5.61 7.87 0.46 4.75 5.51 2.46 5.62 7.46 8.86 0.61 4.59 0.28 0.53 4.04 8.76 4.21 4.50 5.42 9.49 0.25 1.15 3.29 9.54 4.92 5.98 6.46 2.99 3.10 0.28 6.87 2.60 5.89 4.75 3.06 0.64 0.26 5.52 6.27 7.72 4.37 6.87 2.31 4.65 7.40 6.35 3.41 1.61 0.85 8.82 1.09 1.10 9.97 4.38 0.63 4.89 0.36 7.09 7.88 3.47 7.37 4.76 6.07 3.26 9.50 9.12 3.90 9.77 4.64 0.17 7.48 9.01 7.04 9.79 3.66 4.44 6.14 7.07 6.05 6.99 
5.89 7.14 8.09 5.86 1.52 8.72 0.76 1.88 5.81 8.64 5.35 3.18 3.40 1.41 6.44 2.90 0.54 0.34 2.67 5.18 0.51 0.15 4.19 7.55 9.94 7.85 1.99 6.08 4.92 8.04 3.08 0.81 5.18 1.17 6.67 6.69 9.89 7.42 8.58 5.70 6.06 3.92 8.89 9.46 5.34 5.33 2.36 5.87 5.67 5.03 1.05 6.17 5.17 5.24 3.72 5.11 3.09 5.71 1.20 8.00 3.75 4.27 8.81 8.92 5.44 5.48 5.62 5.33 2.90 4.19 1.03 8.97 8.12 9.92 8.42 3.45 5.24 0.78 9.32 0.91 5.81 0.37 7.08 0.98 5.61 0.81 6.10 8.70 6.52 7.29 6.70 0.26 1.56 5.51 9.18 7.00 0.99 4.80 2.33 3.89 
8.99 3.37 2.85 7.10 3.29 1.28 0.56 8.53 2.06 9.88 9.44 7.87 0.25 6.53 8.86 5.86 7.33 4.95 4.56 3.85 2.24 1.26 4.11 3.81 6.77 3.29 0.81 7.75 8.09 3.14 1.64 7.08 6.51 4.50 4.18 9.80 5.78 4.74 8.33 7.84 4.62 7.77 5.71 4.87 4.30 4.56 0.74 1.63 9.52 5.30 5.47 1.76 6.56 9.58 5.56 3.32 2.87 6.37 1.08 0.96 9.52 2.72 8.03 6.03 7.21 2.21 5.83 2.99 6.95 4.16 0.83 1.57 1.93 6.54 6.45 6.23 1.10 7.19 7.85 0.62 2.48 3.33 2.37 9.04 2.91 7.94 2.36 5.78 4.31 3.44 6.73 3.83 6.16 4.77 9.86 3.37 6.98 5.69 6.36 3.93 
9.85 7.19 5.51 1.78 3.72 1.95 8.00 4.82 9.14 5.86 5.44 1.62 9.18 7.81 0.66 2.09 5.75 3.02 7.87 0.06 6.46 4.60 3.89 2.62 9.37 3.76 5.99 6.35 9.44 2.35 0.29 9.29 9.53 5.79 1.07 3.25 7.75 9.07 8.08 6.89 4.93 3.52 8.51 4.11 1.33 9.18 6.21 7.08 2.20 4.08 7.15 8.66 8.68 1.04 1.28 8.05 4.80 7.26 4.40 4.24 9.61 4.69 3.53 9.14 0.48 4.60 2.39 8.23 3.67 0.47 5.12 8.60 3.99 3.64 2.71 5.32 2.81 8.92 2.40 5.01 2.99 9.54 3.67 1.67 0.59 4.95 9.72 5.38 2.21 4.12 9.62 1.82 8.81 3.15 0.96 9.29 7.75 3.35 7.53 1.42 
3.82 2.65 0.02 7.81 6.29 2.73 3.13 9.10 1.65 5.52 4.11 4.64 5.07 7.78 6.31 5.65 2.72 6.04 1.03 4.93 0.16 0.66 6.75 8.97 3.81 7.71 8.27 1.56 1.06 5.79 2.98 4.88 8.44 3.00 2.68 4.73 5.73 5.81 3.82 7.38 1.33 7.93 2.02 6.40 5.70 8.34 2.05 8.43 4.37 3.09 3.36 4.53 3.74 0.11 3.50 7.55 7.81 1.77 9.11 8.87 7.56 2.09 3.74 6.00 5.09 6.43 0.73 0.82 2.23 4.56 8.20 3.57 2.49 0.22 9.97 8.19 8.55 2.02 6.62 2.92 5.11 9.97 7.45 8.85 0.08 0.96 6.41 7.89 2.72 5.52 6.76 0.28 7.61 0.50 6.29 2.70 6.93 7.02 3.52 9.16 
1.58 1.71 2.73 4.06 1.93 2.69 2.25 0.48 4.71 8.87 3.40 9.82 8.84 0.85 8.68 8.92 1.81 5.09 6.82 4.53 0.60 3.58 4.81 8.21 4.08 1.10 0.91 1.00 8.12 4.43 0.16 9.70 6.14 2.89 3.76 8.06 5.58 6.01 8.54 0.29 4.88 1.94 0.11 3.72 2.80 8.79 2.65 4.61 3.88 9.46 9.14 4.48 3.04 3.95 2.70 7.11 5.05 3.61 8.12 3.18 8.03 8.28 2.87 4.17 1.16 6.63 2.24 6.74 2.64 0.78 7.03 7.52 2.72 7.14 1.24 5.52 5.93 3.89 0.12 9.81 3.35 9.26 4.29 6.39 3.21 6.99 3.51 8.27 0.59 1.62 1.44 8.63 9.90 4.32 2.80 1.06 0.95 5.04 7.80 3.59 
5.81 4.83 1.11 8.54 1.98 2.36 4.06 7.91 6.25 4.18 7.72 9.60 3.44 2.02 5.99 6.66 9.00 9.50 4.92 9.60 1.12 6.37 8.23 1.02 0.69 1.03 2.09 1.64 6.06 9.89 5.23 1.88 4.73 6.34 0.41 6.70 8.70 4.47 4.62 4.94 8.65 2.34 4.54 2.09 4.36 0.53 8.74 3.36 0.03 3.67 2.96 1.15 0.04 1.18 2.18 0.72 2.21 4.26 2.36 8.27 4.15 7.59 0.14 8.88 3.93 0.56 5.58 2.63 5.02 0.20 7.57 3.67 2.54 2.11 5.76 6.89 2.64 4.50 0.25 2.67 8.17 3.21 3.83 8.21 4.39 6.00 8.93 6.59 0.26 1.29 4.86 4.42 8.88 5.01 3.29 2.82 5.56 8.88 5.44 0.59 
9.07 3.01 4.26 1.61 5.12 0.02 8.50 7.77 4.52 8.75 0.44 2.70 1.96 4.27 0.91 6.35 0.27 9.84 2.94 0.53 1.14 7.81 4.95 0.02 2.81 8.24 2.83 8.37 7.12 8.28 8.96 6.19 1.29 3.22 7.80 6.42 3.24 6.30 4.18 7.76 5.05 4.62 0.46 7.01 8.89 1.36 3.36 9.16 1.21 6.31 9.69 2.34 4.12 4.64 2.36 6.93 2.88 5.19 5.30 9.99 3.47 4.26 6.18 4.76 7.48 3.98 1.18 0.72 0.28 5.36 8.48 5.33 9.99 8.94 2.35 8.88 0.30 5.71 8.04 1.51 2.02 7.73 3.85 6.14 2.37 6.21 3.06 5.24 1.40 8.37 5.24 4.88 2.63 1.42 9.64 0.11 5.40 0.82 0.84 5.68 
6.18 9.32 1.01 6.17 8.26 3.36 5.05 8.56 9.08 3.09 0.07 1.10 0.82 3.92 7.24 3.19 0.13 0.30 8.43 1.53 8.67 3.66 6.41 1.30 5.08 6.05 1.41 0.48 6.87 2.25 6.16 3.06 1.57 7.18 9.23 9.82 0.54 4.28 8.39 9.62 7.37 8.45 0.72 8.19 2.37 7.95 1.38 2.50 8.26 9.81 4.03 6.92 3.47 0.44 8.22 8.55 6.49 9.64 9.04 3.36 1.89 5.20 6.42 3.46 2.38 5.65 3.28 2.92 9.93 1.67 2.54 7.30 0.12 3.26 5.50 2.49 1.21 6.87 5.00 9.47 6.68 9.03 6.39 0.15 9.48 4.62 8.70 5.97 4.26 7.74 9.33 6.15 2.94 5.75 9.60 5.32 1.40 2.88 8.24 1.33 
4.55 0.78 8.63 4.67 4.04 4.13 7.17 5.26 1.00 2.16 4.73 7.68 1.20 1.12 7.83 0.67 5.74 6.53 6.64 9.99 4.27 5.98 6.14 7.21 1.73 5.74 2.53 3.13 8.63 0.77 4.46 3.18 1.56 3.10 7.85 5.60 7.22 5.02 0.85 8.23 7.18 5.58 5.91 8.38 6.70 3.74 9.05 2.44 0.27 5.69 2.43 4.55 1.67 8.57 1.76 3.40 4.31 4.30 6.54 2.94 5.07 1.00 6.12 6.63 4.10 3.97 2.22 1.32 8.99 3.08 9.55 6.17 8.66 5.45 4.55 5.36 9.19 3.60 7.79 9.46 9.30 0.22 4.01 0.97 8.79 5.77 4.37 3.10 0.07 0.90 6.04 5.14 1.90 2.16 1.77 6.00 6.13 3.99 7.32 5.12 
7.07 6.87 1.29 5.73 2.32 5.84 1.08 1.51 9.44 8.87 0.98 8.74 9.09 4.99 9.70 7.88 0.76 4.07 0.98 0.83 4.98 7.02 5.97 6.88 9.19 7.74 2.88 5.32 1.73 0.20 0.44 8.80 7.06 1.73 4.53 9.39 7.57 5.61 0.90 7.01 4.48 1.88 5.75 3.58 6.87 5.45 1.46 7.63 9.52 2.44 8.47 4.50 9.47 4.44 1.38 8.65 2.18 4.26 3.97 3.91 4.46 4.40 2.71 1.52 6.13 7.24 0.91 3.70 2.85 1.81 0.70 7.33 3.68 6.45 0.91 0.55 1.90 2.37 8.19 1.42 4.81 6.65 5.92 4.28 1.09 7.30 2.93 3.27 1.56 6.90 7.18 6.01 1.30 9.89 7.53 7.43 7.13 8.44 1.12 9.98 
0.24 1.83 7.31 3.93 8.28 8.23 4.48 0.18 0.60 2.67 1.60 5.41 9.32 7.52 9.68 0.41 4.82 2.61 3.68 6.38 9.51 0.86 2.39 0.81 0.75 9.92 8.24 7.88 8.36 9.36 7.86 8.60 1.19 5.18 2.53 9.47 3.40 7.01 9.64 4.00 9.68 1.24 9.40 9.01 8.76 9.09 9.42 3.57 1.70 3.10 9.95 1.21 3.97 2.34 2.02 4.72 2.26 0.26 2.60 0.62 9.62 0.46 9.22 0.81 5.64 1.75 0.28 9.04 8.77 9.93 3.04 8.45 1.17 2.44 7.46 9.92 1.53 6.88 3.50 3.23 9.98 3.45 4.44 3.95 5.79 6.46 8.67 8.05 6.72 1.27 8.67 6.34 1.73 7.89 7.16 7.37 9.64 7.44 6.41 8.41 
7.37 9.45 6.86 8.53 1.89 4.32 8.46 3.42 1.19 1.96 6.65 1.18 5.41 1.09 5.13 1.20 7.55 3.80 9.24 4.27 5.06 7.91 0.61 6.80 5.80 7.77 4.16 5.44 5.21 0.57 3.84 2.58 0.02 0.70 1.11 1.90 5.02 9.57 5.32 6.21 1.53 1.97 7.39 6.94 3.06 2.52 8.14 0.61 6.31 7.38 4.88 1.38 5.29 5.49 8.17 1.08 3.26 2.34 6.52 8.47 2.91 0.36 1.05 2.92 1.06 2.17 4.83 6.08 1.74 0.15 2.30 3.27 2.12 9.69 0.21 5.18 2.20 8.35 5.79 8.51 5.73 0.67 9.89 1.02 6.16 8.06 2.10 9.42 0.40 8.61 7.90 3.31 8.98 8.95 6.23 0.04 1.12 1.06 6.12 2.86 
1.21 8.42 6.14 3.33 8.11 6.35 8.51 0.31 4.70 4.30 8.82 0.43 4.97 8.71 1.45 1.13 6.78 3.54 0.56 7.17 2.16 8.45 0.48 1.13 7.41 6.71 1.17 8.53 7.77 7.30 1.39 8.97 5.72 7.53 2.30 3.82 3.88 0.81 4.14 8.58 5.11 2.96 9.01 0.08 1.67 0.46 1.21 8.45 4.00 1.77 5.63 6.16 0.22 6.11 7.29 7.63 2.82 8.46 6.16 0.58 5.76 7.55 9.56 1.47 5.07 1.86 5.30 8.95 2.67 9.43 7.53 7.78 2.39 6.54 7.86 4.07 6.99 9.08 2.52 0.99 0.84 8.15 7.15 1.06 4.25 4.44 8.69 7.07 2.90 4.85 7.65 8.66 2.39 7.21 0.13 7.47 9.07 5.43 6.42 1.75 
4.86 3.94 9.53 7.26 0.48 7.40 1.32 7.48 6.47 3.84 8.47 7.32 1.99 5.62 8.38 6.24 0.06 7.07 3.32 2.96 1.92 0.97 1.62 4.32 8.18 1.75 1.78 7.25 7.17 8.20 9.00 2.04 2.14 8.53 9.29 2.62 5.93 0.62 0.10 2.40 4.46 8.57 9.71 6.45 4.19 8.09 2.70 4.25 5.17 6.01 7.21 7.09 6.98 8.83 1.40 5.16 0.57 3.19 2.41 7.75 1.38 1.41 9.79 3.52 9.94 9.08 6.15 5.87 9.70 6.25 8.27 4.16 4.82 7.98 0.61 9.01 6.08 3.31 3.27 1.25 9.32 0.48 8.34 6.30 9.31 9.74 1.46 9.88 2.93 3.88 7.63 4.31 5.29 7.42 7.83 5.24 6.50 3.98 1.11 6.19 
0.23 9.38 0.35 5.05 7.36 0.96 4.06 3.44 4.27 7.33 4.69 3.59 7.80 3.02 9.89 7.11 2.76 1.36 6.99 5.69 5.23 4.62 0.00 0.52 2.04 7.84 5.76 8.53 1.82 6.87 4.73 2.05 6.24 5.08 7.09 3.60 6.04 1.15 7.04 0.31 8.48 1.73 3.90 6.29 4.75 3.79 3.40 7.51 5.15 0.39 3.20 0.38 5.01 3.20 0.91 7.05 1.04 6.67 5.58 2.86 3.53 0.31 4.90 9.77 5.38 2.00 3.38 1.42 3.15 0.42 1.73 1.63 2.14 5.63 7.92 6.89 9.42 1.32 4.41 4.57 1.71 7.61 4.95 6.72 0.81 5.85 3.77 1.85 2.52 9.35 4.71 6.05 9.66 9.61 5.82 5.04 1.61 9.20 6.46 4.76 
9.62 8.19 6.39 1.76 3.82 4.31 8.65 3.24 5.63 3.06 7.81 7.33 0.67 2.75 4.05 1.48 8.61 7.82 3.34 1.12 7.17 8.05 7.17 6.83 7.66 3.00 1.87 9.27 2.19 8.33 4.03 1.81 6.52 0.42 3.57 0.34 4.73 2.23 3.58 0.36 5.29 1.39 7.69 5.96 4.14 1.74 7.44 2.75 9.56 0.78 3.87 6.73 8.82 1.04 3.56 6.48 4.04 5.42 5.75 6.23 3.75 9.77 8.05 0.27 0.19 1.62 0.61 4.92 3.84 4.19 5.28 9.13 5.58 2.97 5.09 9.72 4.71 2.53 2.46 4.27 3.30 6.33 1.01 2.12 7.38 4.56 8.61 1.42 9.99 4.35 7.65 3.74 4.13 5.70 4.01 4.32 7.31 4.63 9.24 1.16 
8.82 4.52 0.29 4.40 7.49 5.37 4.12 2.20 7.90 6.58 6.48 1.20 2.92 7.48 3.32 0.30 2.05 1.93 1.71 2.03 6.28 9.37 5.77 0.41 5.06 9.79 4.73 2.38 4.42 3.98 3.53 3.24 8.50 3.82 7.64 5.99 9.19 1.75 8.19 7.09 8.34 4.67 8.29 1.25 2.15 1.61 1.55 4.20 3.54 3.26 6.23 9.82 2.63 2.01 0.24 7.69 1.80 4.97 0.07 6.21 8.95 3.60 9.45 7.44 7.42 7.09 3.43 6.61 8.84 1.62 3.70 7.18 6.29 1.99 8.43 8.45 3.60 9.98 2.65 7.14 3.24 8.88 6.96 5.87 0.89 7.20 3.56 2.68 2.17 3.62 8.90 1.11 7.22 8.35 8.56 4.64 5.43 1.99 1.25 4.28 
3.61 4.95 1.46 9.91 6.94 9.89 8.35 0.54 9.87 1.00 7.68 3.11 9.88 4.64 8.98 0.76 1.84 2.54 3.45 4.01 6.17 2.34 5.12 3.39 0.69 3.68 8.03 6.13 5.67 9.28 0.40 9.28 4.23 1.86 9.19 1.17 1.75 7.54 1.70 1.62 8.54 9.38 4.73 8.42 4.02 3.71 9.19 5.86 6.25 2.63 9.87 2.42 4.98 4.99 5.81 5.67 8.67 3.84 1.79 4.34 3.12 2.20 3.62 7.35 4.06 2.81 8.52 5.80 0.36 0.22 7.42 8.90 9.60 2.15 7.32 3.62 5.86 6.51 9.49 2.11 9.14 9.36 4.53 4.12 4.35 0.34 9.78 3.02 4.18 1.58 7.36 7.30 3.78 0.98 4.65 7.83 3.80 3.17 3.63 4.15 
3.40 1.05 3.05 3.00 3.20 0.37 6.62 9.05 6.88 6.11 1.16 6.02 5.47 5.69 0.13 9.82 6.03 9.92 2.83 0.21 1.50 0.19 7.51 5.27 1.18 2.16 3.10 4.97 5.33 6.73 9.12 8.73 7.78 2.18 1.73 0.98 2.55 8.36 0.03 9.43 4.47 1.20 5.45 9.93 6.89 5.58 9.75 2.92 5.50 2.58 3.13 6.99 2.78 0.64 2.26 3.96 2.80 5.37 8.93 8.14 2.10 8.05 6.87 9.88 0.23 8.60 0.86 2.78 6.96 0.89 2.21 1.42 2.09 7.65 1.36 8.98 3.23 1.10 1.90 8.73 3.69 5.03 5.72 6.47 5.67 7.98 0.42 8.47 3.35 9.35 6.61 5.45 7.40 3.48 5.33 7.63 2.08 6.19 0.41 9.04 
7.09 2.61 0.46 9.18 0.26 1.81 8.15 3.49 2.92 0.05 2.22 6.61 5.08 7.94 3.07 0.75 5.92 3.50 9.22 9.27 2.85 5.84 4.71 0.25 9.32 0.04 7.88 1.40 6.24 8.28 0.44 3.32 0.90 0.90 2.50 1.16 2.71 0.65 4.66 5.63 0.70 6.88 2.24 5.78 4.81 5.31 6.53 0.73 8.81 5.76 0.00 1.65 1.60 4.72 1.90 0.92 4.76 9.78 2.32 1.00 8.06 2.76 4.32 8.96 3.66 6.82 0.12 6.37 7.47 4.78 2.00 8.18 1.65 4.24 3.96 6.47 9.55 0.49 7.20 8.36 6.25 7.20 0.01 7.84 1.92 1.91 8.76 6.68 1.69 1.08 7.68 9.75 3.84 2.00 8.71 7.49 8.82 8.83 3.87 6.29 
3.61 5.87 4.47 5.26 0.11 8.43 1.73 9.66 8.92 8.93 8.02 5.16 6.13 8.03 3.01 8.05 9.95 1.76 4.73 1.64 2.84 2.41 1.39 6.68 4.41 0.10 4.17 3.23 8.94 8.04 9.52 2.55 3.90 3.99 7.81 4.01 2.42 9.53 3.67 1.34 8.46 1.69 6.50 4.59 9.73 9.51 2.64 9.67 1.27 7.36 1.31 4.11 9.77 2.70 0.79 4.18 2.81 4.96 7.41 1.75 3.00 6.93 4.29 6.90 0.93 2.10 0.91 3.35 1.63 4.59 4.68 0.09 6.28 1.18 4.68 6.01 0.69 7.32 5.68 1.96 4.68 6.99 6.07 4.45 9.69 6.86 8.63 2.50 1.82 6.04 4.25 4.82 2.97 8.54 1.72 3.90 0.64 2.63 7.24 2.27 
7.22 1.93 2.36 3.50 3.11 7.04 9.51 3.80 4.36 5.18 5.76 9.04 2.17 1.84 3.49 1.87 8.70 2.12 4.37 0.52 8.16 8.62 5.34 1.13 7.16 7.06 5.03 7.80 9.70 2.28 0.07 6.92 4.20 2.43 0.42 7.31 9.47 9.92 1.12 3.82 5.11 6.88 2.86 7.28 8.72 6.35 9.15 7.42 8.47 3.52 7.94 6.63 2.14 3.28 7.76 9.30 0.34 2.79 7.09 0.04 5.07 7.16 6.96 9.27 9.59 7.37 6.59 9.06 7.29 7.70 2.88 2.40 4.58 5.74 9.68 3.30 2.08 8.82 0.72 0.55 2.34 8.66 7.18 4.48 1.94 4.94 3.77 2.29 7.74 0.87 2.32 2.81 8.03 9.28 2.08 7.62 6.65 8.67 6.67 3.95 
6.37 9.55 6.35 0.96 5.29 6.02 4.26 7.37 4.85 4.98 7.93 7.19 3.64 5.11 1.67 5.59 0.05 5.44 7.87 7.79 6.31 0.20 0.60 4.34 9.48 2.68 1.95 6.13 1.35 8.63 0.08 7.72 8.18 6.43 8.67 3.47 2.45 2.93 0.84 7.30 7.91 8.77 4.49 1.56 3.88 6.16 7.14 3.93 1.60 5.02 1.72 7.91 5.22 2.32 2.25 4.70 5.00 4.21 0.83 6.34 2.83 0.91 4.06 1.01 7.33 2.73 4.48 9.78 5.66 5.32 7.08 3.57 4.09 1.57 5.13 7.97 7.73 2.27 1.90 9.33 7.29 3.62 7.25 2.51 5.94 9.50 7.21 0.94 3.70 8.03 7.28 6.54 8.94 1.34 7.55 6.28 4.07 2.03 6.06 9.73 
7.35 3.14 3.30 1.45 4.71 8.42 9.42 2.44 0.70 1.32 1.77 7.99 4.94 9.02 0.49 0.88 8.52 7.70 1.81 2.22 5.73 9.09 8.76 4.68 0.43 6.30 0.95 4.49 8.34 7.01 4.22 5.69 0.16 7.51 7.14 4.87 5.94 6.56 7.31 6.63 7.87 9.08 4.62 2.81 8.10 5.11 3.69 6.61 2.81 5.50 8.83 8.55 4.59 7.59 3.22 5.02 3.89 4.18 9.51 2.23 1.19 3.72 7.92 1.35 1.24 5.06 6.21 7.18 1.61 3.52 3.81 9.49 2.60 8.43 2.30 0.70 3.54 5.99 7.31 6.35 1.49 6.15 4.90 6.08 3.73 8.12 1.10 7.63 2.30 0.61 9.85 3.49 4.33 7.77 4.83 5.57 2.83 1.05 2.75 4.44 
4.57 6.55 3.92 7.17 4.98 6.22 7.86 8.52 2.21 5.18 4.87 3.70 1.32 9.77 9.78 5.06 7.89 0.88 2.68 0.19 1.49 2.54 3.67 5.82 0.31 8.51 1.39 3.13 9.55 4.14 7.57 4.12 0.69 1.49 1.28 5.67 7.72 9.15 4.19 9.93 4.33 9.06 3.63 5.65 8.83 3.41 0.71 6.72 4.30 3.39 6.91 5.79 5.93 0.58 1.61 6.23 9.09 3.00 9.36 8.64 7.14 6.93 2.76 7.83 8.43 4.04 3.50 6.15 3.19 7.69 6.07 7.52 6.75 9.71 3.17 5.59 3.12 3.88 2.31 7.42 7.27 9.22 3.20 3.19 9.80 4.81 9.42 8.89 7.81 8.79 7.53 4.95 5.72 0.29 2.78 4.15 4.34 6.28 0.30 7.53 
3.97 6.37 5.05 0.72 6.08 8.22 6.31 9.20 2.10 8.62 6.61 9.37 7.84 9.82 2.56 7.64 4.63 1.99 6.54 2.45 0.77 4.07 7.40 6.50 4.36 0.18 0.65 8.70 6.46 0.94 6.24 0.43 7.32 1.29 1.15 3.39 9.51 7.46 2.59 1.61 6.08 9.20 0.98 3.92 9.02 3.54 1.57 3.65 5.53 8.10 6.09 6.31 2.17 3.49 2.80 6.54 3.67 3.45 5.24 0.13 4.40 1.48 0.56 1.71 2.77 1.71 5.10 2.28 9.17 7.69 3.90 5.25 6.89 4.88 9.18 5.90 8.43 0.74 9.55 3.96 8.85 5.64 0.26 1.02 9.13 3.07 7.56 2.80 6.52 2.80 2.93 0.92 4.28 3.49 2.63 7.04 5.19 7.73 9.33 4.36 
5.42 3.22 9.62 2.31 8.10 8.79 8.21 6.53 9.54 7.76 0.49 8.38 3.41 0.75 9.40 2.54 3.82 6.96 5.34 0.33 9.76 8.27 1.25 4.03 1.76 3.88 1.08 6.95 1.61 0.40 1.32 7.03 3.63 0.93 9.33 1.73 9.73 7.54 8.26 9.27 5.30 8.75 7.65 8.71 9.50 7.06 1.25 3.31 4.01 6.59 3.64 3.77 4.87 4.89 7.80 6.62 8.77 8.88 3.58 0.38 9.28 4.90 7.40 2.91 5.83 6.73 4.64 5.56 4.28 2.90 4.83 9.58 1.64 2.48 8.29 1.14 9.53 9.54 4.45 3.55 6.13 8.10 7.32 1.00 2.99 5.12 7.62 1.76 4.00 1.20 2.14 3.28 6.10 9.54 6.19 1.93 6.27 0.83 7.49 0.55 
3.72 2.31 0.13 5.37 4.79 8.42 6.51 4.33 7.96 0.96 7.88 4.10 9.06 5.20 5.09 2.05 0.32 2.72 3.81 4.32 3.92 5.94 7.60 0.01 5.48 3.79 1.94 1.76 4.61 9.43 2.31 8.34 1.74 2.44 3.70 6.54 0.86 0.21 0.87 8.82 1.17 8.74 2.92 0.23 3.94 8.01 2.28 4.26 0.73 6.09 8.58 4.64 2.03 6.18 4.66 7.52 9.97 6.60 9.27 4.58 6.03 1.58 2.92 7.77 4.01 6.63 4.31 4.87 6.84 5.18 3.69 8.01 3.92 6.61 8.25 7.86 4.62 0.53 2.13 5.34 6.61 0.71 9.98 8.65 6.89 4.64 6.16 6.86 1.24 5.44 1.45 7.27 7.01 4.37 5.04 1.03 0.99 9.35 5.90 7.83 
4.53 9.59 5.85 8.45 6.20 4.10 6.31 0.81 4.62 8.44 6.15 1.24 9.15 6.14 9.88 6.04 0.78 6.05 2.90 2.02 1.48 4.34 9.29 8.50 8.71 4.33 9.53 9.71 3.68 5.42 7.54 8.21 5.01 3.39 6.66 1.21 7.48 2.98 2.02 2.11 1.42 8.17 3.34 0.57 4.31 3.23 6.60 5.09 9.27 9.50 7.11 0.76 3.85 6.39 9.25 2.56 0.72 8.78 2.27 4.40 4.20 9.81 2.62 9.22 3.20 9.28 0.43 0.68 2.26 2.45 2.79 3.68 0.62 6.13 4.25 4.93 9.35 0.85 0.02 8.63 0.35 7.13 9.38 4.20 3.52 8.64 6.76 4.24 7.42 9.03 8.65 1.62 8.84 1.26 0.84 2.03 0.55 1.26 2.71 2.81 
3.71 5.50 6.49 4.34 1.63 0.74 9.27 0.98 1.59 9.29 9.61 1.94 6.42 9.00 6.15 9.93 7.63 2.91 4.18 5.05 1.94 2.82 6.67 0.77 4.09 7.51 2.81 4.63 8.77 5.52 7.44 2.48 1.02 3.93 6.82 2.65 4.67 6.09 3.63 6.26 5.38 3.24 8.20 1.79 2.24 4.34 1.73 9.87 7.25 5.90 4.92 9.19 8.72 1.59 9.97 2.81 9.10 2.77 7.44 7.87 8.30 4.88 0.35 9.32 8.81 7.17 1.96 3.47 3.25 5.59 9.73 8.63 8.84 7.93 0.42 1.07 2.27 2.14 0.94 9.53 8.05 5.86 8.72 6.77 7.46 8.69 9.57 6.55 1.46 7.01 4.42 9.76 1.89 4.77 9.07 0.70 1.94 1.03 4.17 5.19 
6.63 3.90 3.82 5.46 1.83 4.24 6.54 4.11 6.38 7.48 3.63 4.43 3.35 2.35 1.20 0.80 1.04 0.77 7.35 2.50 7.78 1.77 2.26 9.68 6.54 1.33 0.38 8.48 2.36 4.55 3.67 8.99 8.46 7.49 4.46 0.29 1.73 1.00 4.39 8.11 8.48 8.03 2.54 1.82 0.38 3.73 2.62 1.42 4.50 9.98 3.92 2.29 1.75 6.18 1.96 8.29 7.51 2.34 6.77 9.87 6.89 0.45 8.86 5.35 7.93 3.32 5.64 9.66 4.32 0.03 7.77 2.79 8.06 0.31 4.61 8.44 4.04 7.24 9.86 8.54 7.22 3.78 0.83 8.97 9.96 2.79 7.26 7.47 5.14 4.04 7.34 2.03 4.48 6.20 7.38 2.41 9.52 3.02 2.07 3.83 
3.05 9.84 6.62 1.11 0.15 1.24 9.55 4.19 8.48 9.41 2.73 5.69 3.20 3.56 4.66 3.16 6.35 1.92 0.62 1.49 5.96 7.96 3.52 0.44 4.15 0.90 2.85 3.67 3.91 4.93 7.50 6.97 4.77 4.13 8.08 4.92 5.37 7.63 9.11 3.84 7.05 1.84 9.54 0.24 5.40 4.20 3.40 1.75 6.12 4.02 3.24 2.07 1.97 6.76 2.51 6.13 7.66 5.37 9.80 1.57 0.29 7.30 8.54 5.07 1.43 6.61 9.99 6.79 4.25 9.10 0.64 1.29 0.94 0.17 1.53 6.34 4.37 4.93 8.09 0.48 8.95 1.34 2.56 0.92 8.10 5.07 7.05 5.76 0.44 6.84 7.33 0.73 4.14 5.87 5.80 5.57 2.48 5.79 2.37 6.73 
4.88 3.00 8.02 5.82 3.18 9.55 2.16 7.55 4.48 0.26 8.03 3.43 1.60 0.59 4.35 9.70 5.66 1.39 5.45 6.10 8.23 2.78 6.83 2.38 8.65 2.62 7.95 1.13 8.41 0.31 7.86 3.29 3.32 5.88 9.12 6.49 5.43 1.28 4.04 9.91 1.54 2.07 3.33 3.14 2.66 7.68 2.83 8.32 9.07 8.29 4.41 7.30 1.07 1.24 9.68 9.72 3.86 7.63 0.85 2.27 7.94 8.71 5.56 1.26 4.59 4.68 7.75 0.02 5.96 1.79 9.93 7.50 3.86 3.27 0.63 6.51 0.94 3.46 4.83 0.01 1.75 9.24 7.32 2.82 0.48 7.00 2.54 4.33 4.63 3.39 6.60 2.57 2.10 2.16 3.82 6.70 6.83 1.57 6.72 2.79 
3.36 6.65 0.29 7.22 9.91 0.92 3.73 0.86 4.38 8.56 0.87 6.13 7.80 8.19 8.95 8.27 5.19 1.49 2.61 9.82 4.88 9.21 2.39 6.98 1.37 6.21 3.68 8.20 7.79 0.39 0.99 1.15 7.04 1.28 8.37 6.96 2.20 2.10 7.82 6.58 0.66 8.69 2.71 8.45 6.88 1.66 6.73 2.08 3.15 9.34 1.89 8.02 8.54 4.28 5.00 9.91 0.49 8.68 8.11 8.28 9.07 9.11 9.43 6.12 0.38 7.79 3.08 2.58 9.89 0.89 9.16 0.55 9.58 1.87 9.00 6.47 3.53 5.73 8.54 6.68 5.06 0.44 4.70 3.61 4.72 9.70 3.52 5.21 8.38 1.63 3.50 7.45 0.74 2.92 3.57 1.12 0.72 6.65 3.70 0.61 
7.54 2.86 1.16 7.12 4.73 0.16 3.59 8.26 5.89 2.14 4.93 0.95 2.58 9.63 4.56 7.30 9.33 8.08 2.51 7.71 9.71 6.01 5.16 0.45 8.93 8.73 1.57 9.65 5.38 5.27 0.26 2.92 8.13 1.42 0.04 2.85 1.58 3.63 1.11 7.47 5.77 6.04 8.42 8.34 5.67 2.98 5.64 5.00 1.06 8.15 2.71 0.77 4.16 7.88 1.22 3.09 6.61 2.79 2.74 1.99 8.05 3.00 4.91 6.18 4.42 4.95 9.03 6.00 8.58 0.14 3.47 4.35 6.18 1.89 2.69 1.85 4.87 8.33 6.85 5.93 6.49 9.57 6.70 0.65 7.45 7.92 3.74 4.06 0.70 6.48 6.05 8.75 9.49 0.95 4.93 3.91 5.90 3.96 9.91 4.48 
4.10 3.38 8.83 0.28 5.27 1.52 2.13 0.14 9.85 8.99 6.06 6.34 8.56 2.76 6.99 6.00 0.68 0.73 0.06 1.38 7.21 6.11 0.13 6.70 7.06 5.06 0.61 2.96 9.02 0.52 7.44 3.12 3.89 6.27 3.41 9.16 7.79 5.54 9.30 7.64 4.52 5.36 3.98 3.08 8.13 0.96 9.08 8.80 1.69 9.14 0.18 8.90 5.25 0.31 5.60 2.32 5.37 6.20 5.28 4.40 6.72 2.73 7.52 0.61 9.00 0.93 9.77 6.78 6.47 9.07 4.42 0.99 4.43 8.40 4.07 2.56 9.36 3.15 1.36 1.05 2.30 1.54 9.95 7.55 1.86 5.54 9.87 7.23 1.74 5.15 1.63 8.46 7.88 9.15 9.07 6.87 0.08 8.84 3.66 6.54 
7.91 8.08 7.53 2.34 6.48 1.61 4.90 5.84 4.76 6.26 6.89 7.06 7.81 6.83 4.61 9.66 2.37 4.47 6.89 4.12 9.62 8.52 2.58 7.50 7.67 1.64 4.37 7.75 0.48 8.03 4.29 8.39 6.11 1.83 0.74 2.59 3.43 5.64 8.42 8.19 1.90 5.31 5.25 9.71 2.14 9.85 9.38 4.52 4.33 6.27 8.63 3.95 4.79 1.21 1.45 2.46 2.85 5.83 0.21 3.34 3.86 4.50 1.73 9.97 6.33 2.47 2.55 9.76 8.11 0.97 7.95 0.01 6.28 3.20 9.72 8.42 3.05 9.10 2.94 7.38 5.37 1.57 1.33 0.16 2.78 2.78 2.62 5.63 8.60 2.83 8.96 2.46 7.33 0.69 2.43 3.65 3.16 4.98 3.41 1.27 
5.95 1.37 1.28 2.23 4.56 1.00 0.65 7.61 0.10 3.59 4.99 5.47 5.16 6.32 5.62 7.94 9.10 8.24 3.57 7.70 1.07 2.53 0.16 8.39 3.23 2.59 2.05 6.39 7.57 5.46 7.66 3.52 6.83 8.93 5.75 1.39 9.93 6.41 9.01 0.03 10.00 4.00 5.50 5.16 0.32 1.13 3.10 9.42 9.37 6.66 7.12 0.44 9.20 7.28 8.83 2.42 9.88 0.88 8.81 7.44 6.34 6.46 0.96 3.17 5.40 6.72 4.56 5.33 3.13 3.57 5.37 3.12 7.56 0.87 8.28 7.88 2.00 1.38 7.30 1.36 8.05 4.42 1.80 7.24 1.70 0.63 9.66 1.58 1.51 8.47 9.02 7.85 4.94 9.99 1.01 0.33 6.71 5.57 5.66 9.83 
9.14 1.03 2.96 6.70 1.90 1.24 4.58 3.90 2.62 1.88 5.26 0.67 6.30 7.06 7.91 8.01 7.69 7.57 9.59 9.20 6.04 8.61 7.04 0.98 8.60 8.05 1.31 5.30 3.63 6.98 5.13 2.77 8.01 8.09 9.47 9.91 9.33 4.05 3.80 1.95 5.93 9.06 2.62 2.24 6.12 0.53 0.24 3.81 8.10 9.83 3.01 4.14 8.44 0.05 5.12 7.03 8.10 6.43 2.34 1.73 3.40 7.47 4.49 1.41 5.56 3.96 1.32 4.89 8.01 5.12 6.84 3.95 4.18 9.46 6.18 0.30 9.98 6.43 4.11 8.08 6.25 7.12 2.22 4.69 7.17 7.34 1.72 5.27 3.77 4.06 7.00 7.18 1.53 1.49 8.59 7.09 5.45 9.91 1.99 3.47 
5.03 8.83 7.42 9.21 8.29 3.60 9.51 8.27 0.03 3.63 6.35 6.28 0.75 8.58 0.97 7.92 5.92 2.70 3.19 9.69 6.76 0.18 6.87 8.29 1.68 5.46 5.38 7.13 5.36 7.37 0.60 0.39 6.20 8.01 9.60 4.48 1.61 9.11 2.75 1.64 2.74 9.11 7.92 3.49 7.68 8.89 1.41 3.60 1.59 4.59 3.29 8.35 4.78 0.16 6.64 6.45 5.62 2.02 3.58 0.98 9.39 4.18 1.37 5.59 2.19 0.97 0.07 3.81 0.08 2.83 5.45 2.83 1.93 3.37 6.32 9.62 2.26 7.73 3.22 3.85 2.32 6.51 2.20 7.10 6.67 8.84 3.55 2.29 0.86 7.13 3.27 0.25 1.31 4.64 5.84 3.50 5.60 5.92 7.30 5.69 
8.74 2.75 8.51 0.68 6.12 4.83 0.29 8.38 2.56 3.51 2.24 4.88 0.02 4.44 1.97 6.70 3.28 5.52 8.99 4.14 2.65 2.25 4.39 3.96 6.89 0.23 7.45 2.49 6.15 4.76 8.18 4.89 7.51 6.69 5.57 3.63 1.52 5.86 2.01 4.08 9.37 4.25 8.96 9.40 8.69 0.93 6.10 1.96 6.45 5.08 6.10 9.10 7.33 0.49 3.05 4.22 0.72 0.51 6.71 6.87 5.27 4.89 1.76 2.77 1.59 7.33 6.40 3.11 3.19 8.41 7.19 2.56 2.66 6.14 1.96 1.35 7.07 8.06 3.32 3.52 3.14 9.42 2.61 0.47 9.91 5.67 4.70 0.63 6.17 1.41 7.50 1.44 6.31 9.26 4.21 7.89 6.59 0.61 1.00 9.78 
9.03 8.19 2.34 1.69 4.33 4.30 3.05 1.40 2.36 6.36 4.92 5.50 5.78 7.53 5.97 5.68 3.20 0.67 6.31 9.37 2.08 3.81 0.81 8.39 3.07 5.02 6.28 9.65 5.63 7.28 9.43 4.66 5.47 1.77 6.36 9.80 6.07 9.40 1.20 8.43 5.76 6.12 3.93 1.54 3.66 9.90 7.22 6.86 0.57 3.53 6.23 2.66 7.34 7.03 1.04 0.41 2.05 7.32 0.06 7.69 4.60 9.49 2.35 0.07 1.26 8.71 9.87 7.33 8.11 1.07 5.76 3.88 7.19 9.68 5.42 0.85 9.59 2.64 7.70 0.16 6.17 3.93 2.82 3.51 0.96 3.86 3.91 3.02 1.18 3.97 0.71 5.78 3.46 3.06 5.85 4.71 1.77 5.71 2.04 9.88 
6.78 7.79 3.76 3.97 7.48 9.17 4.82 7.07 1.81 2.52 7.23 7.98 6.45 0.05 1.49 7.41 3.91 5.41 0.43 5.09 9.38 1.13 0.87 2.84 4.19 6.71 7.55 5.96 2.43 9.59 5.84 9.20 7.39 9.60 3.17 4.86 8.77 7.99 1.93 0.58 0.51 9.16 8.56 6.95 9.21 0.05 4.36 3.11 5.46 4.79 8.20 4.84 5.92 9.07 7.68 0.11 5.78 5.23 6.07 8.21 4.82 1.91 7.41 2.20 1.51 0.58 7.07 0.28 8.57 9.00 0.86 9.08 8.16 9.42 6.03 7.36 9.47 0.39 0.48 4.93 5.18 8.67 9.77 1.10 7.74 7.45 1.21 3.52 2.67 7.28 1.73 7.49 9.20 9.14 9.69 0.70 9.72 6.76 0.98 8.29 
5.76 1.84 7.37 3.92 1.26 3.40 1.29 0.73 3.79 1.76 5.66 8.98 0.44 5.43 0.08 8.18 2.88 1.29 1.70 5.55 8.58 3.42 3.04 7.77 2.56 2.74 8.48 2.28 9.50 9.45 0.57 5.26 1.29 7.94 9.18 2.55 1.34 0.46 3.28 5.13 2.23 8.94 4.10 2.66 4.37 4.18 0.84 7.25 5.48 2.54 2.80 4.05 5.96 5.84 1.83 8.52 8.58 0.30 0.80 8.07 9.76 1.37 3.33 1.05 9.31 2.51 3.59 0.64 2.98 6.87 5.77 5.20 5.81 9.88 7.87 0.18 4.06 8.71 7.43 9.54 1.24 0.23 3.59 7.21 6.07 5.42 5.73 4.65 5.72 6.53 2.72 5.48 7.90 6.06 6.53 7.21 8.57 0.12 7.85 1.55 
6.99 3.62 6.75 2.80 3.50 4.62 2.98 7.56 3.32 0.41 7.10 4.57 0.64 0.69 1.77 6.71 6.11 7.50 1.35 1.84 4.03 4.08 7.32 1.93 0.13 3.84 9.14 8.70 3.96 6.99 0.25 0.95 0.62 7.00 3.75 4.12 1.62 6.73 1.68 4.94 7.14 8.78 9.51 7.77 9.48 1.28 4.48 5.59 8.78 5.83 7.43 2.81 9.91 4.74 4.75 0.04 8.58 3.89 8.74 2.55 0.88 8.99 3.50 1.49 5.99 7.26 5.61 7.61 3.99 7.29 2.55 1.12 6.07 2.06 8.89 5.55 3.34 3.37 1.14 2.12 9.20 8.57 4.94 9.11 3.31 9.68 9.15 1.89 3.57 7.89 4.44 4.44 6.88 7.94 5.94 2.87 5.20 1.55 0.48 9.18 
8.84 3.03 0.30 4.92 5.09 9.20 0.47 8.42 2.57 1.61 0.55 1.77 0.17 5.48 0.88 3.48 5.16 0.03 5.37 8.73 7.93 9.81 3.18 4.81 7.75 9.11 7.68 2.95 0.66 8.16 2.13 9.50 1.19 2.44 4.42 6.28 1.63 4.89 4.70 4.20 6.49 5.25 5.98 6.66 0.73 6.86 0.14 5.89 6.89 5.51 4.63 4.82 5.32 7.80 9.63 3.07 6.92 7.31 6.02 7.58 5.48 8.15 7.08 6.67 0.58 1.50 2.95 2.22 6.39 7.65 6.42 2.88 2.90 2.40 9.55 3.63 9.25 9.69 9.53 6.15 5.20 4.15 0.96 0.52 1.95 0.59 3.59 8.87 7.90 9.61 6.45 3.38 7.76 3.53 0.05 8.34 5.03 3.00 0.56 1.42 
0.66 6.98 4.30 3.56 9.38 3.84 7.19 8.63 3.53 6.71 4.78 8.73 0.86 5.74 9.25 2.82 6.33 2.84 1.68 4.24 2.45 8.13 7.62 0.21 1.66 7.67 8.55 6.68 0.67 9.11 8.10 1.33 6.09 2.40 4.88 5.47 6.24 2.07 4.10 9.77 8.79 8.88 8.50 9.65 4.62 7.75 2.47 0.95 0.59 4.15 5.18 3.04 2.28 2.80 3.25 3.94 0.47 1.80 0.62 1.14 0.91 8.72 2.47 7.00 1.12 7.35 2.47 7.36 9.43 6.57 7.13 8.21 5.45 5.63 7.86 0.06 3.38 0.33 1.01 3.96 4.48 6.19 7.00 6.76 8.99 0.25 0.70 9.46 2.04 1.32 0.60 2.95 0.04 3.07 9.95 1.16 0.43 2.42 8.52 9.85 
8.99 5.65 8.07 4.43 1.28 5.93 4.50 4.66 6.26 5.51 8.62 0.74 1.70 5.62 7.50 0.69 5.87 8.20 0.16 7.91 9.52 0.76 0.86 9.57 3.83 0.81 0.73 4.26 3.23 9.25 4.11 2.21 4.90 2.18 6.64 6.18 8.11 1.14 0.84 4.37 6.65 9.46 5.11 8.34 5.09 2.62 9.04 0.96 0.82 9.19 8.87 0.34 9.95 9.73 9.91 3.78 0.54 0.64 8.05 3.77 9.89 2.16 5.98 4.79 4.34 2.62 0.97 2.45 3.76 1.81 6.82 0.41 1.27 1.94 8.75 6.36 4.55 7.79 7.32 5.37 6.98 6.19 5.72 6.94 5.92 5.63 0.72 6.46 6.26 8.76 0.23 6.15 0.92 6.21 0.93 5.27 8.83 1.91 7.72 2.60 
3.72 4.54 3.01 4.99 6.48 1.76 1.35 1.03 9.55 8.67 6.41 6.54 4.86 2.12 3.47 0.78 7.75 4.19 7.24 4.01 2.96 7.47 0.16 3.88 3.67 1.09 9.15 2.51 3.00 6.86 5.10 6.72 1.40 8.11 1.71 7.88 9.87 3.06 8.92 9.42 1.73 5.32 5.95 6.59 7.45 9.42 7.36 5.20 3.61 4.60 9.21 6.57 2.07 9.36 0.45 5.74 0.46 9.59 8.25 3.46 6.46 3.35 0.17 7.86 1.46 1.88 5.74 1.32 4.94 4.66 0.74 6.66 9.98 6.70 3.25 7.43 6.12 0.61 2.63 9.74 5.21 1.83 6.31 7.28 1.20 6.76 3.01 1.66 6.35 1.26 5.11 2.81 4.61 5.28 0.67 6.06 7.16 6.41 7.39 2.09 
1.08 8.13 8.76 1.06 4.83 2.01 8.49 0.95 2.62 1.12 0.69 7.83 2.95 6.99 5.10 4.15 3.75 8.12 5.80 0.10 9.38 0.92 2.91 3.98 6.20 3.58 0.05 3.36 9.99 7.44 5.45 1.07 5.57 4.21 2.13 0.39 6.21 0.62 1.34 8.83 1.73 2.03 6.66 4.69 9.02 1.76 8.83 2.77 9.88 4.64 2.88 9.25 5.55 5.78 3.24 1.75 9.36 3.29 5.11 9.36 0.72 0.56 0.43 6.29 4.76 2.56 6.68 0.98 3.17 8.03 9.81 4.91 0.06 6.47 9.59 9.08 8.23 8.43 1.86 8.11 3.07 4.73 7.36 8.62 0.52 0.60 0.37 9.88 3.88 5.47 9.24 4.60 6.03 9.67 0.89 0.79 2.22 7.57 1.77 5.39 
5.60 1.58 0.30 5.66 8.04 9.90 4.75 6.27 8.32 6.60 4.38 1.39 1.34 1.74 0.01 1.86 2.33 0.38 1.74 6.21 5.85 0.98 0.82 1.88 0.64 1.71 2.67 2.87 9.28 4.44 8.26 4.89 6.02 8.56 0.55 4.06 8.46 5.29 0.33 6.78 1.90 4.71 8.17 3.24 6.44 8.18 5.09 8.77 8.55 6.83 4.99 4.41 7.81 5.81 6.29 8.45 7.52 8.96 1.32 6.80 3.40 9.58 1.69 9.42 8.14 2.24 3.48 6.60 7.53 3.81 3.38 9.43 8.52 1.55 2.67 4.96 9.73 7.76 3.73 8.28 4.60 8.72 2.69 2.41 4.53 8.98 0.86 2.05 7.94 2.18 8.85 1.34 1.76 0.54 0.76 9.90 2.78 4.24 6.50 0.31 
8.05 9.88 9.75 6.57 1.44 2.42 1.53 1.17 0.18 5.27 9.45 4.78 3.99 2.14 7.18 8.52 1.11 8.05 0.57 9.05 0.23 9.42 0.38 1.99 9.96 1.14 1.89 2.75 5.38 8.39 3.06 3.43 8.27 2.81 0.00 9.71 5.22 1.54 0.88 5.40 6.80 0.33 0.18 0.79 2.46 7.37 9.31 3.57 5.41 9.88 2.62 5.64 9.30 3.01 7.62 9.26 4.15 9.51 2.01 9.53 7.90 5.07 2.97 6.18 7.88 2.97 5.89 3.10 4.51 6.76 8.51 1.31 7.09 8.69 2.10 9.55 6.06 1.41 3.13 1.47 1.28 5.75 7.10 0.58 8.75 4.73 9.85 2.90 4.24 1.86 2.43 2.14 6.93 5.40 8.31 4.81 8.37 4.20 7.91 2.87 
0.97 6.42 4.18 8.06 5.11 6.28 7.61 1.16 7.68 0.73 2.63 8.96 6.48 9.73 9.55 5.23 4.46 9.40 8.13 8.70 1.26 0.56 0.84 8.18 5.96 9.15 2.99 4.33 3.35 0.90 7.20 4.32 7.32 1.38 2.37 2.42 7.66 9.98 3.58 5.34 0.71 6.21 4.30 7.19 5.94 3.85 2.42 0.40 3.25 0.56 9.10 4.50 1.12 9.93 2.69 7.08 9.08 5.68 1.41 2.43 6.58 8.62 6.75 3.90 0.00 9.12 6.32 7.66 9.10 9.90 3.00 9.82 6.11 7.30 7.01 2.05 1.15 9.43 2.45 4.40 9.99 1.54 8.91 1.11 1.48 1.60 8.19 0.56 7.28 9.61 2.99 3.85 8.22 9.74 7.75 8.22 8.87 4.07 5.88 7.97 
