8.40 3.94 7.83 7.98 9.12 1.98 3.35 7.68 2.78 5.54 4.77 6.29 3.65 5.13 9.52 9.16 6.36 7.17 1.42 6.07 0.16 2.43 1.37 8.04 1.57 4.01 1.30 1.09 9.99 2.18 5.13 8.39 6.13 2.96 6.38 5.24 4.94 9.73 2.93 7.71 5.27 7.70 4.00 8.92 2.83 3.52 8.08 9.19 0.70 9.49 5.26 0.86 1.92 6.63 8.90 3.49 0.64 0.20 4.58 0.63 2.38 9.71 9.02 8.51 2.67 5.40 3.75 7.60 5.13 6.68 5.32 0.39 4.38 9.32 9.31 7.21 2.84 7.39 6.40 3.54 6.88 1.66 4.40 8.80 8.29 3.30 2.29 8.93 3.50 6.87 9.56 5.89 6.57 8.59 4.40 9.24 3.98 8.15 6.84 9.11 
4.82 2.16 9.50 9.20 1.48 8.81 6.41 4.32 6.20 2.81 7.86 3.07 4.47 2.26 1.88 2.76 5.56 4.17 1.70 9.07 1.03 1.26 4.95 7.60 9.85 9.35 6.84 3.83 7.50 3.69 2.94 2.32 5.84 2.44 1.52 7.32 1.25 7.93 1.64 7.45 0.75 9.50 0.53 5.22 1.76 2.40 7.98 7.33 6.57 9.67 6.39 7.60 0.93 1.35 5.20 0.78 0.70 2.05 4.61 8.20 5.73 7.56 0.52 1.58 10.00 2.04 8.90 1.25 9.98 0.54 8.71 0.72 0.04 9.23 5.94 1.80 1.63 3.92 9.13 8.20 3.59 5.52 5.79 4.53 6.87 1.00 5.31 7.57 3.04 9.92 5.77 8.78 7.48 6.29 0.35 7.48 8.33 9.25 8.73 8.31 
9.79 7.44 9.03 9.84 6.67 4.97 1.64 8.30 8.89 0.77 6.50 2.48 6.29 2.29 7.01 3.17 3.29 2.31 0.74 6.33 2.24 6.51 5.11 9.71 2.80 5.46 7.19 1.13 4.71 5.93 9.44 4.51 3.36 8.48 4.35 0.03 3.45 5.98 8.33 2.34 6.75 4.83 4.82 3.05 7.12 1.83 6.22 0.41 4.14 6.96 6.74 6.38 3.47 1.85 6.09 6.27 7.31 3.28 7.40 2.02 9.21 6.85 6.53 2.57 5.32 0.88 2.60 8.77 6.86 0.94 1.11 3.62 5.77 5.93 6.67 2.89 7.76 2.88 3.30 1.90 9.84 0.04 8.27 3.31 1.88 4.36 9.59 9.19 7.65 6.99 1.21 6.86 3.84 7.74 9.43 9.16 8.62 2.04 7.94 5.48 
2.97 9.05 9.10 8.74 4.98 5.76 1.63 2.74 8.65 4.92 4.64 8.49 4.96 2.91 1.80 6.84 7.28 1.39 6.03 4.92 8.38 7.24 1.78 2.22 4.99 1.21 1.38 3.60 3.25 9.32 9.08 6.22 8.37 8.18 4.96 3.35 3.94 6.59 6.09 2.59 1.51 0.73 1.08 6.47 3.64 2.88 3.31 0.91 4.27 9.34 5.84 2.65 6.59 7.62 4.87 1.57 8.83 6.26 5.18 2.08 5.58 4.26 8.30 3.94 2.44 3.26 7.29 6.39 9.85 3.38 8.98 1.36 4.11 0.05 7.83 7.74 2.94 1.15 8.66 7.21 0.49 4.49 9.86 7.08 2.11 4.74 8.65 0.94 1.00 3.83 3.02 6.57 8.09 1.32 0.52 0.53 4.58 7.81 6.92 4.43 
1.19 5.90 5.79 5.30 5.95 3.62 3.04 8.89 4.77 1.70 6.10 5.26 6.19 5.96 2.34 8.30 0.70 0.99 9.24 1.70 4.82 2.25 8.27 2.91 3.57 8.78 3.44 8.15 6.59 0.36 2.57 7.78 6.26 8.36 3.08 2.21 1.98 6.12 1.10 6.75 7.82 7.19 2.00 4.01 3.16 4.34 2.31 3.86 5.33 1.55 5.55 0.15 3.80 3.82 3.05 7.37 2.60 6.50 5.52 9.20 6.86 8.10 6.98 3.12 6.46 0.06 5.33 8.44 6.18 6.43 5.19 4.01 3.62 7.19 8.02 6.78 1.53 0.33 0.64 6.86 1.88 6.19 7.00 5.68 0.01 0.06 3.05 2.62 6.55 8.58 1.81 3.41 6.67 8.79 6.53 3.13 8.85 1.86 1.57 5.03 
8.29 6.76 9.04 1.91 3.95 7.06 8.69 5.47 7.39 9.32 2.33 9.27 5.51 9.33 4.94 5.53 9.39 8.00 8.14 5.94 6.57 9.95 9.36 3.25 8.74 5.89 6.38 7.59 7.75 7.95 2.63 6.04 4.71 1.67 7.95 8.65 8.73 6.64 4.12 6.12 5.97 6.46 5.39 1.48 5.79 0.33 7.01 5.18 8.33 5.15 1.13 4.90 5.10 0.48 8.14 3.85 6.38 4.52 1.44 4.13 2.47 4.07 0.17 7.18 5.74 8.13 5.83 4.47 4.77 9.95 0.59 0.74 6.41 5.97 2.23 2.20 6.30 9.24 7.38 4.63 4.39 8.51 9.53 9.49 8.99 7.67 3.34 5.37 2.19 4.78 9.50 4.66 8.84 9.67 1.84 4.58 7.80 7.66 9.05 2.58 
7.62 9.64 3.32 4.02 5.61 5.54 6.22 1.91 4.78 3.60 6.54 9.17 2.11 6.07 8.65 1.10 3.74 1.99 6.47 5.93 6.77 5.96 0.59 5.61 5.64 2.43 0.19 3.44 0.09 9.24 6.01 7.71 8.87 9.33 1.73 4.48 4.88 7.95 6.39 9.66 1.55 2.93 8.82 3.66 8.99 7.48 4.76 2.73 9.47 1.22 8.66 6.23 7.19 9.25 1.84 2.82 1.67 2.03 6.26 1.76 1.27 2.28 9.47 0.14 1.61 1.20 4.62 6.49 9.15 1.01 6.14 0.71 3.94 4.96 4.37 2.93 2.44 9.12 5.66 1.91 0.35 4.32 8.14 7.53 3.56 9.98 0.36 5.24 2.01 6.62 7.00 3.28 8.89 6.47 3.41 0.50 7.67 8.03 6.99 6.82 
9.04 3.13 7.52 2.98 8.09 1.89 5.91 0.53 1.01 1.57 2.44 1.36 5.89 0.58 8.90 9.46 0.56 9.25 4.69 2.57 5.87 1.69 5.85 4.76 8.16 9.26 5.27 5.82 7.29 2.25 2.64 6.34 5.38 0.17 9.32 3.48 2.06 5.23 4.01 3.07 6.80 6.45 4.43 2.69 7.03 3.33 2.15 7.59 2.58 6.84 0.16 8.45 8.52 6.01 3.21 6.68 5.27 8.48 2.50 2.56 0.73 5.14 8.90 6.11 5.31 8.21 9.59 7.37 3.44 3.60 0.44 0.24 0.05 4.87 2.93 7.08 8.20 5.07 4.67 0.78 1.91 4.84 9.23 0.43 0.84 2.45 7.11 6.11 0.93 9.62 8.67 1.66 4.76 7.57 7.78 0.07 5.79 7.36 7.44 9.23 
0.96 7.88 9.46 1.01 2.75 2.39 8.10 0.95 7.47 2.77 1.73 9.38 7.61 0.97 9.81 8.45 3.42 6.92 4.57 4.34 6.54 3.24 6.00 1.30 0.81 3.78 1.37 6.60 1.14 8.81 5.82 2.11 6.68 5.29 3.12 9.43 7.68 1.22 0.38 5.15 3.99 2.12 4.53 1.60 3.08 4.34 0.05 6.50 1.26 4.62 0.84 7.80 7.86 6.85 9.10 8.67 0.63 0.47 5.27 1.77 9.28 1.10 3.88 5.96 6.38 7.00 5.39 4.07 8.22 5.78 9.22 2.22 7.89 3.74 3.82 0.97 8.08 3.87 7.47 9.34 8.49 8.31 7.14 6.35 5.16 6.25 5.02 5.79 6.72 0.29 7.56 6.00 1.39 1.44 1.96 7.77 8.44 7.35 1.84 6.67 
3.13 1.06 8.88 1.02 4.80 2.70 2.00 2.88 6.58 9.47 2.22 5.07 7.78 9.36 1.42 2.95 5.61 6.45 8.73 2.33 6.74 6.29 8.33 8.13 7.73 0.28 5.90 6.18 7.64 7.74 2.84 0.77 8.80 1.73 1.79 3.60 4.43 3.79 6.48 1.01 3.26 8.69 6.08 1.04 8.06 7.50 3.99 3.67 3.94 2.72 6.00 0.68 9.02 4.32 8.81 6.75 4.61 4.72 2.92 2.24 2.46 5.77 3.01 1.26 7.49 4.80 4.86 1.92 8.59 1.33 2.93 1.85 0.03 9.01 2.89 8.09 6.50 6.88 1.75 0.45 9.60 7.75 1.13 8.61 2.07 9.94 5.36 6.68 4.66 8.29 8.92 7.12 4.05 1.93 8.38 1.55 6.74 3.24 3.47 5.33 
4.57 6.40 7.17 4.60 5.41 0.06 2.69 1.92 6.93 4.44 2.36 6.53 2.19 3.49 5.14 4.26 3.44 0.50 0.94 8.09 8.79 9.87 5.21 2.84 1.80 3.59 4.39 8.54 6.83 7.86 3.86 1.40 4.27 1.03 6.00 9.68 1.09 8.69 1.59 8.03 3.13 3.96 4.56 5.32 7.45 9.70 9.59 0.89 0.21 0.53 8.98 9.00 0.40 4.19 1.84 2.20 7.78 6.23 0.74 4.61 4.09 4.60 6.02 8.36 5.63 2.02 8.03 6.73 0.71 9.63 4.75 3.85 3.58 9.31 9.17 1.03 9.01 8.76 1.92 9.21 9.29 0.90 8.21 9.68 5.09 0.05 1.88 2.87 6.28 2.62 7.49 0.36 7.22 3.51 8.72 2.85 5.53 6.75 9.58 6.24 
6.38 4.33 0.09 9.96 3.64 9.25 0.99 2.65 8.01 2.91 1.86 7.30 3.81 0.07 6.98 8.90 0.12 8.86 1.77 6.39 1.48 9.25 6.76 8.70 2.76 5.48 1.55 8.29 2.23 1.13 4.53 8.61 5.46 4.61 8.57 9.10 3.87 9.56 1.74 1.88 2.47 3.60 9.17 6.28 3.67 6.15 5.17 3.79 5.02 6.94 0.18 6.50 6.19 6.94 5.20 8.95 2.41 6.75 7.24 4.64 7.88 1.77 3.25 3.34 6.38 1.82 2.44 0.25 1.38 4.18 2.12 3.85 7.78 1.30 0.13 1.45 7.45 5.31 5.24 2.47 2.25 5.42 8.97 8.44 2.35 4.17 7.39 4.77 0.92 4.63 9.41 8.81 6.40 2.66 2.15 2.78 4.48 4.58 3.03 5.87 
8.76 5.15 9.72 6.54 6.45 9.85 7.99 3.90 5.16 3.22 6.37 7.40 8.64 5.34 5.84 1.00 9.51 3.24 5.76 0.43 7.87 5.18 9.24 4.27 7.84 1.39 7.05 2.33 5.97 0.08 8.19 4.73 5.23 7.91 1.27 1.67 7.76 9.26 5.57 2.91 2.48 1.94 0.32 1.12 7.27 6.16 2.12 6.78 9.40 7.88 7.22 7.27 3.06 6.46 1.54 0.90 7.84 8.59 3.23 3.82 8.67 1.42 8.55 3.90 9.33 9.81 5.57 7.09 9.07 1.14 0.00 1.55 3.08 0.32 2.67 0.35 6.48 4.79 7.13 5.87 2.67 4.35 3.14 5.73 0.80 4.68 6.63 8.65 3.28 9.86 2.46 1.95 1.28 1.01 5.85 0.60 0.83 1.42 7.69 9.90 
2.56 7.69 1.44 5.64 8.01 4.12 5.99 4.48 8.90 3.12 0.36 1.58 7.47 3.50 7.31 8.28 8.18 3.94 6.92 1.45 3.80 9.39 3.40 5.08 0.40 9.25 5.68 1.23 0.68 3.37 1.12 3.24 1.06 2.57 8.88 9.07 6.68 4.88 3.55 5.59 8.00 3.91 7.16 5.47 7.40 4.47 3.75 5.58 8.41 0.67 7.04 2.21 0.06 0.44 7.28 0.47 9.69 2.96 1.69 0.37 6.34 2.81 3.61 7.40 5.38 2.49 6.47 2.06 7.37 0.02 7.65 5.37 3.93 4.81 0.84 1.34 9.28 4.59 6.92 7.69 5.27 3.95 9.89 5.33 4.39 7.18 5.80 4.08 0.14 7.49 4.45 6.48 0.30 8.06 3.87 5.68 0.55 0.34 7.75 7.92 
0.37 5.40 3.29 4.30 0.21 4.14 5.63 9.49 8.73 2.55 7.18 4.00 6.50 7.07 9.33 0.89 4.25 5.13 4.98 4.39 2.62 9.43 0.87 2.92 7.49 4.74 8.61 8.05 5.08 6.35 5.97 5.45 1.75 9.26 9.74 1.96 3.40 5.38 1.44 2.13 7.93 8.62 6.13 4.43 5.69 5.46 5.32 9.94 0.59 0.30 4.32 3.21 9.73 5.19 6.13 7.22 9.93 4.74 5.27 5.01 1.09 1.24 0.46 2.84 0.50 0.21 4.79 3.90 5.59 6.24 6.03 3.51 4.85 2.16 7.94 0.54 7.63 3.26 0.48 8.22 3.56 4.80 1.43 3.29 9.99 7.56 0.52 9.92 2.30 5.79 4.94 3.39 7.03 5.40 6.23 7.53 5.61 1.02 1.43 1.20 
7.26 7.47 4.71 2.12 9.63 2.65 2.66 7.26 5.91 3.14 5.48 9.47 7.94 6.91 2.76 7.93 4.47 3.28 7.85 6.77 9.07 2.79 0.16 6.09 8.19 6.39 3.62 3.80 7.41 5.05 5.00 4.67 2.52 9.71 6.79 2.15 2.35 9.45 9.41 8.26 2.58 4.88 7.73 0.52 1.79 0.49 8.45 6.26 3.77 6.30 3.02 2.83 9.10 3.18 8.92 7.29 9.57 2.54 1.09 6.98 7.60 6.09 1.65 0.12 5.80 8.44 2.27 8.15 7.89 1.68 6.41 0.47 6.56 4.14 0.99 8.35 4.63 9.44 4.61 8.39 5.74 7.63 1.22 4.84 0.81 0.15 2.13 0.37 2.69 3.22 7.35 0.29 9.31 9.00 0.41 5.11 7.44 2.68 3.27 5.33 
4.35 9.68 5.79 0.91 3.82 6.78 9.26 8.44 6.22 3.87 6.84 1.96 1.50 8.06 6.80 2.31 8.21 8.93 2.68 0.90 2.15 0.03 1.19 1.46 9.03 1.60 6.58 6.47 4.28 9.84 1.80 8.63 9.52 7.60 9.54 3.34 4.38 8.81 1.78 0.60 2.68 8.62 2.57 4.17 6.68 9.37 6.48 4.90 8.30 9.16 5.80 0.44 9.19 6.99 1.91 8.23 8.59 8.48 4.70 2.87 8.32 6.50 1.50 7.84 4.10 1.04 1.18 8.48 9.85 2.96 9.08 2.53 1.59 1.65 6.70 8.27 1.01 3.18 3.17 9.31 2.34 8.97 9.75 1.54 5.96 1.66 9.77 4.55 0.14 4.47 7.43 8.46 0.98 8.93 6.30 5.08 9.97 7.49 3.56 9.82 
0.45 2.64 2.35 2.04 4.28 9.05 0.31 5.30 2.23 3.47 4.61 4.57 2.44 4.36 6.11 8.40 6.02 5.88 2.95 6.16 0.35 0.38 4.62 1.33 9.31 0.92 6.40 9.28 8.41 9.96 9.10 8.86 2.59 1.44 0.90 6.88 0.49 1.20 2.17 2.71 4.68 6.78 7.29 7.11 1.14 3.40 5.51 7.16 9.28 8.47 3.32 9.63 8.85 7.94 0.95 8.15 8.87 7.35 7.43 7.28 7.31 6.53 6.14 9.90 7.97 7.03 6.78 8.46 8.24 8.95 1.17 2.91 5.73 8.46 0.03 6.87 1.85 5.54 4.04 1.13 4.01 7.36 0.76 2.85 5.30 1.71 1.00 4.17 9.06 8.43 1.44 6.37 4.96 7.58 6.27 2.93 4.62 3.05 1.38 2.85 
2.00 2.55 5.77 7.73 1.01 5.79 4.60 2.86 1.33 8.64 3.99 5.34 6.00 4.75 8.19 1.30 6.46 9.19 5.46 5.52 7.62 6.91 1.89 2.58 4.49 8.16 5.50 9.11 1.21 6.89 1.96 3.21 9.44 7.73 0.94 0.44 3.52 5.54 3.30 4.85 4.18 7.29 0.19 0.18 2.04 8.37 1.47 8.50 7.56 6.93 4.01 5.18 3.84 5.90 7.76 8.33 4.06 3.27 7.44 5.27 0.15 9.40 8.48 9.59 7.13 9.41 0.03 0.64 4.95 3.34 5.49 9.13 0.63 5.68 9.31 2.68 4.05 0.78 1.17 1.61 7.71 5.19 6.80 1.55 1.09 4.56 9.88 5.15 7.83 7.32 0.41 7.98 6.72 8.89 7.58 3.85 8.30 7.61 4.49 3.26 
0.95 9.98 2.39 1.58 5.66 1.70 4.26 9.71 2.48 5.43 1.32 0.19 0.62 8.12 1.74 1.70 2.68 1.63 6.85 0.51 8.95 7.26 8.50 5.67 6.15 6.07 9.51 4.45 3.68 4.00 7.71 4.63 3.98 0.09 6.22 9.64 1.79 0.48 9.35 4.27 5.91 0.68 4.46 6.53 8.80 6.20 8.23 1.48 7.83 5.08 2.00 6.77 2.34 0.49 2.44 8.49 6.57 1.95 2.94 0.25 5.95 0.65 4.89 9.94 0.74 1.10 9.58 2.53 1.58 8.93 6.80 7.49 9.61 1.26 4.01 8.41 7.46 2.24 9.89 5.29 7.32 1.89 2.06 9.66 2.38 4.50 8.15 8.95 6.45 1.09 9.20 2.41 1.73 4.09 2.35 2.47 5.20 1.93 5.01 6.78 
0.86 1.81 4.26 0.47 3.07 8.28 8.88 0.53 0.52 8.77 5.82 7.84 0.66 7.88 7.50 3.04 2.38 5.64 1.99 8.83 6.73 1.20 1.24 8.47 5.29 3.59 0.94 0.49 5.52 5.95 7.26 6.38 7.76 1.53 6.85 0.83 9.80 5.73 1.36 0.32 4.50 7.17 8.16 5.16 5.05 5.66 8.20 7.43 1.30 0.19 6.26 8.03 1.39 7.50 6.50 6.68 1.09 7.44 7.16 6.61 3.39 4.42 2.99 1.15 5.95 9.83 1.97 5.75 5.56 3.33 6.07 0.06 0.50 4.23 5.22 5.55 9.89 3.42 2.98 1.19 3.61 9.24 9.23 4.99 6.74 5.73 1.67 7.83 3.17 8.83 4.44 6.56 3.25 7.43 7.70 9.20 7.27 9.68 4.95 2.83 
3.00 1.03 2.89 3.50 5.26 8.11 9.05 5.15 1.52 2.03 6.34 5.13 1.27 5.57 0.12 8.01 1.30 1.79 5.84 4.47 0.62 0.29 1.02 3.87 7.72 8.73 3.07 4.98 8.40 8.03 7.81 1.41 9.05 0.70 4.91 4.31 8.81 3.96 9.47 0.33 5.99 5.81 5.46 7.25 1.38 5.58 5.26 2.68 7.38 1.10 7.14 8.00 1.39 8.17 1.87 9.10 6.90 4.94 4.08 5.30 2.97 1.89 6.71 2.02 2.59 1.61 6.34 1.40 5.57 5.80 1.73 1.56 1.61 7.19 8.82 2.99 2.78 4.08 5.67 0.15 5.18 2.81 8.15 6.57 0.98 0.02 5.67 7.87 4.96 9.75 3.17 7.93 1.65 9.88 9.96 4.24 1.49 6.29 5.64 7.07 
2.10 7.37 8.63 3.71 4.57 7.44 6.70 7.35 1.52 2.36 7.50 6.70 5.17 5.65 3.26 6.15 5.67 8.93 4.02 0.64 8.68 7.19 8.57 0.33 7.06 8.53 4.57 8.55 4.82 0.21 5.62 6.92 7.58 4.25 0.63 2.15 1.69 7.33 9.50 3.21 9.69 7.00 9.91 4.87 2.65 3.18 1.02 8.32 2.11 5.03 8.96 0.79 2.22 7.53 1.12 9.29 6.06 5.69 7.84 0.88 5.91 3.46 7.80 3.49 7.71 8.43 5.64 9.40 5.76 5.13 2.61 5.45 2.13 2.52 0.32 4.78 5.70 1.34 3.10 7.80 6.37 2.06 8.60 8.59 9.59 9.72 7.88 5.65 5.41 5.72 6.53 1.32 9.18 4.33 4.81 6.88 2.76 0.45 6.28 8.52 
5.58 8.89 3.98 7.71 1.41 4.30 2.49 7.11 5.63 5.59 4.91 2.00 7.65 3.51 0.59 7.24 3.23 8.47 2.88 8.64 4.19 9.41 9.96 3.37 3.74 4.77 0.25 6.51 5.22 6.53 5.03 0.80 5.42 9.01 8.52 6.83 3.31 1.01 3.94 8.94 6.60 8.85 0.94 4.25 2.36 1.53 1.49 5.59 0.00 4.38 4.24 4.19 3.79 4.20 7.56 7.53 8.98 7.81 4.04 4.20 4.34 9.07 5.00 9.76 8.08 3.52 6.59 1.39 4.53 0.54 0.33 1.13 9.39 1.27 5.39 1.75 2.80 6.88 7.35 2.81 1.25 1.59 7.00 5.04 5.79 4.55 2.58 4.76 2.36 6.62 8.96 6.70 5.69 3.96 6.46 3.77 7.48 3.05 5.16 2.01 
3.59 5.49 3.14 2.98 6.76 8.53 4.73 9.56 5.40 2.08 2.37 6.66 3.67 9.36 1.70 9.46 3.92 4.28 4.22 6.28 0.90 3.18 2.98 6.59 7.14 9.43 0.36 4.62 2.48 5.53 6.63 6.07 1.02 9.77 9.05 7.77 8.30 3.78 7.33 3.70 5.86 9.70 0.36 9.53 9.06 2.06 8.99 2.98 6.34 3.21 9.26 7.24 6.39 2.23 3.83 3.53 1.67 4.20 8.15 4.15 9.72 4.78 0.22 0.74 4.55 9.27 8.51 2.84 3.06 5.85 6.54 8.92 5.54 6.90 8.45 4.61 8.96 7.44 7.58 5.30 0.65 6.84 2.54 7.04 9.08 6.37 0.57 0.75 0.56 8.72 4.90 0.29 3.50 5.12 1.02 8.05 4.39 9.54 0.89 7.45 
5.38 7.43 6.37 0.93 4.33 4.82 5.53 3.29 2.26 3.12 8.59 2.91 9.96 1.13 9.95 9.04 7.50 0.52 9.78 8.07 9.24 4.68 8.35 2.74 9.80 9.38 0.78 4.19 8.92 1.67 1.64 4.30 9.10 8.00 5.22 3.43 2.83 0.75 6.73 5.09 3.87 5.32 8.00 3.83 6.45 7.96 2.87 3.96 8.48 2.65 2.02 7.72 7.33 0.38 0.45 7.12 9.75 1.24 1.31 8.67 2.91 2.95 2.97 2.01 0.95 8.19 5.45 3.78 8.94 2.17 8.87 2.81 7.49 6.87 6.64 3.95 4.83 9.51 7.90 3.30 2.16 9.93 1.02 9.48 0.30 1.47 6.61 0.06 2.71 7.92 8.73 5.62 0.87 1.70 7.63 1.82 9.89 3.08 5.60 8.83 
5.25 4.47 1.64 2.74 1.34 8.29 6.69 6.16 7.80 4.60 9.46 9.95 4.52 0.48 9.43 4.83 1.96 6.04 4.89 4.67 3.96 3.62 0.29 4.82 5.31 7.92 6.64 5.20 0.99 2.24 4.03 6.24 6.71 5.67 8.98 8.05 3.96 5.68 4.21 1.76 0.27 3.67 1.71 4.80 4.16 1.14 9.63 6.11 7.18 4.51 0.78 1.14 8.13 1.07 5.96 3.44 8.99 2.61 8.64 9.98 4.85 2.67 6.22 1.56 8.34 5.20 9.61 2.30 0.88 3.82 4.06 1.15 7.49 5.77 5.95 1.64 6.91 5.58 7.76 4.09 0.09 8.54 5.23 8.22 9.61 1.20 1.66 8.59 3.81 0.30 8.57 8.66 2.97 4.79 0.22 1.31 10.00 9.83 3.61 0.88 
3.65 7.67 2.03 1.14 3.43 7.98 2.78 0.34 3.56 0.54 4.44 3.65 9.07 9.67 1.87 8.68 0.87 3.53 7.27 4.67 3.82 5.84 3.33 6.79 0.64 3.55 8.10 0.63 3.38 1.71 1.51 7.03 9.38 3.54 8.17 2.82 1.53 0.95 3.16 5.08 1.48 7.60 8.73 0.55 7.27 0.60 9.23 8.13 4.12 6.51 2.80 7.95 2.35 6.14 4.74 2.99 9.69 2.84 3.62 3.07 4.56 5.13 0.11 3.94 8.67 8.27 6.76 0.20 9.22 9.92 5.28 0.70 7.51 4.01 1.25 4.78 4.61 0.49 2.91 8.73 6.99 5.72 6.68 9.34 1.85 1.42 2.33 1.54 4.27 5.95 4.62 8.82 1.08 4.73 2.76 9.75 3.00 9.52 9.95 2.22 
9.44 5.23 2.91 6.95 9.24 4.17 1.73 3.85 4.65 4.64 2.58 1.65 0.36 9.27 0.99 2.21 0.69 3.32 3.76 4.95 9.27 8.37 3.78 0.34 3.10 6.54 0.09 6.10 6.06 0.04 8.31 5.49 5.26 1.23 2.44 4.50 5.40 4.17 8.35 0.05 8.82 0.94 1.70 9.17 0.20 2.69 1.39 0.89 6.00 5.14 5.85 5.27 3.52 9.62 5.62 6.62 6.16 5.71 2.71 2.22 5.75 1.03 7.71 1.01 2.25 0.15 5.52 7.65 4.32 3.87 7.70 3.14 4.81 9.39 2.31 5.01 2.08 3.70 5.90 8.08 8.84 1.75 3.36 2.35 1.37 8.97 8.97 7.53 4.68 1.68 9.74 0.43 2.71 7.45 1.45 4.96 7.60 6.97 2.61 1.93 
0.84 0.31 5.06 5.64 9.70 7.38 0.66 1.78 1.08 6.56 9.87 9.91 8.31 3.23 2.27 9.68 2.20 1.24 7.21 6.89 2.92 6.95 7.32 5.63 4.40 8.77 0.59 2.00 5.73 3.20 3.93 6.57 3.51 8.99 2.21 3.22 6.37 2.87 5.00 7.45 9.43 4.87 7.36 7.74 8.10 9.63 7.41 0.30 0.87 4.62 7.18 3.79 1.57 4.50 9.42 5.97 3.27 0.01 7.97 9.00 3.21 1.90 5.57 6.72 0.90 7.78 9.94 7.27 0.65 4.94 4.72 0.08 9.80 2.08 7.81 7.90 1.71 5.22 8.19 2.57 9.84 5.38 6.36 1.41 9.88 5.78 7.38 3.14 5.79 5.35 2.14 9.00 7.26 7.71 5.72 8.15 5.50 5.65 5.42 6.14 
0.59 0.14 6.22 0.39 2.22 4.03 8.29 3.92 9.26 6.48 6.50 9.10 1.86 2.86 0.51 1.74 8.64 7.89 4.88 4.43 3.25 7.02 3.42 0.50 4.74 9.14 8.66 0.23 4.79 4.08 6.38 5.38 4.22 2.60 5.77 6.43 6.63 4.06 0.36 5.89 0.55 6.85 4.99 2.41 9.71 5.51 4.14 8.35 3.40 9.02 2.78 6.65 6.05 6.20 7.15 0.78 5.34 5.80 1.02 0.13 9.88 7.40 5.51 4.10 10.00 1.29 0.54 6.63 5.35 0.89 2.52 5.90 7.74 7.52 8.30 7.45 3.03 2.44 5.80 6.43 1.47 8.58 3.07 7.51 4.78 0.22 8.30 0.12 6.02 9.32 0.25 5.91 6.71 5.77 0.01 6.71 7.05 0.54 3.34 2.40 
1.44 5.86 8.30 9.18 3.38 6.60 6.63 6.41 9.04 2.44 2.83 0.51 1.02 5.90 8.02 5.80 6.12 6.32 5.92 2.14 5.64 6.17 8.05 2.35 1.94 8.06 9.05 8.99 8.60 2.39 1.39 0.04 8.26 9.69 9.22 1.64 6.29 5.85 8.05 5.33 8.29 0.88 5.84 9.31 6.78 3.86 5.10 2.90 0.18 1.02 5.05 5.82 7.19 3.10 8.17 9.13 1.16 7.22 8.12 9.76 9.61 9.51 9.80 7.87 9.20 9.02 9.51 5.49 4.87 7.55 0.82 3.16 8.43 6.66 2.46 5.22 0.52 7.57 8.12 0.71 8.59 3.17 6.53 5.78 6.27 4.69 4.91 7.42 1.92 3.02 7.18 1.53 2.53 6.98 9.40 1.73 5.99 8.91 7.22 0.86 
6.46 8.04 4.02 4.89 4.70 6.48 0.11 5.22 4.05 8.23 5.93 2.64 1.40 2.46 8.42 7.66 7.15 3.32 5.09 9.07 6.35 2.26 0.59 8.88 9.24 9.99 0.61 5.23 8.90 7.83 6.09 5.36 5.86 0.11 0.26 0.56 6.59 0.37 5.78 0.64 8.60 1.71 3.27 10.00 4.17 1.69 7.66 1.32 5.01 2.74 0.38 1.36 5.01 0.98 0.23 4.25 0.97 0.84 9.48 9.87 8.67 5.57 5.24 4.53 5.68 5.49 5.09 2.27 5.86 0.87 2.90 4.46 2.58 6.17 4.45 6.75 7.86 2.11 8.06 2.88 4.85 8.45 4.23 9.86 9.42 4.47 4.11 0.40 5.31 3.59 0.27 3.98 9.17 5.50 8.51 4.85 0.99 3.60 7.11 6.85 
4.48 0.01 1.31 7.06 6.19 5.76 3.81 4.05 7.87 1.87 6.93 2.72 0.32 1.16 2.58 9.74 5.62 6.70 0.14 0.93 0.29 0.40 4.91 9.46 5.91 3.42 4.30 6.90 7.03 1.42 3.75 1.50 1.43 5.06 8.56 7.62 0.82 2.37 1.67 8.69 4.23 8.59 1.41 4.55 9.75 3.99 4.29 5.37 0.69 4.43 6.31 0.98 4.83 1.22 0.44 0.74 4.64 4.74 7.64 1.67 6.16 1.39 3.17 7.59 6.45 1.73 5.20 7.28 4.10 6.87 5.97 8.33 5.46 7.38 2.88 5.21 1.37 7.18 0.59 2.06 1.60 6.90 3.04 6.43 8.12 3.48 7.17 2.76 8.22 4.81 4.43 4.38 6.20 7.60 1.97 2.66 9.33 7.17 9.93 3.43 
4.04 5.90 1.76 9.51 3.27 4.65 4.72 4.64 1.82 5.31 6.70 3.42 2.20 9.74 9.86 0.32 3.22 7.03 3.08 1.44 1.83 7.51 5.82 8.04 5.11 7.79 0.69 4.44 4.96 0.62 7.87 9.00 6.52 9.64 8.51 9.79 4.28 3.23 4.43 6.10 8.54 1.13 9.52 0.74 0.88 9.38 1.06 4.10 6.41 4.14 5.54 8.24 1.65 1.36 6.28 6.76 9.15 6.97 1.21 4.11 7.59 9.08 3.11 4.11 8.72 1.62 3.90 3.00 4.85 8.33 9.10 3.39 9.46 8.62 4.14 0.34 8.00 5.20 4.44 4.40 9.34 9.97 2.64 1.00 1.33 8.92 7.76 0.48 5.89 8.97 4.59 3.48 8.05 7.70 7.59 6.77 9.32 1.49 9.76 4.17 
9.82 8.86 7.56 9.28 7.48 1.69 9.62 5.48 6.89 4.06 9.89 6.24 4.03 2.53 7.24 5.37 1.45 5.00 5.85 7.34 3.97 0.43 0.82 2.02 8.13 8.40 8.79 7.44 9.89 8.55 1.61 9.71 7.41 9.17 8.99 4.89 0.86 8.61 0.37 7.75 2.67 0.26 3.99 6.70 2.79 1.22 2.06 4.24 6.22 7.91 1.58 0.19 8.34 2.40 2.21 6.47 0.80 0.99 3.91 0.69 9.54 5.52 0.40 6.96 4.69 9.38 1.85 5.55 7.99 2.22 3.30 0.66 2.48 7.29 7.36 5.27 8.51 9.42 9.51 4.73 7.33 1.09 4.92 5.67 3.49 7.12 2.14 4.29 8.12 6.06 4.98 7.66 1.58 5.38 4.61 6.27 4.76 6.46 1.82 2.75 
8.68 5.12 3.41 1.17 2.41 0.77 6.43 0.91 0.19 5.94 5.64 7.52 7.03 0.56 3.20 0.52 7.68 5.34 4.80 5.80 1.40 9.78 3.46 2.98 5.16 8.07 9.25 9.92 4.53 1.08 2.67 3.22 6.20 6.09 4.38 8.60 6.86 0.82 9.52 7.05 6.76 5.16 4.57 3.79 5.72 7.77 4.31 3.40 3.11 9.11 9.19 4.51 8.89 2.65 7.49 4.05 0.72 6.75 3.97 5.25 7.83 6.64 8.47 4.02 2.73 2.85 2.62 9.58 3.67 2.14 6.63 0.42 7.30 1.20 4.21 3.01 8.97 8.52 6.41 2.08 7.63 5.60 6.59 6.52 8.25 4.09 0.57 8.96 0.84 4.54 4.21 8.66 1.19 2.68 2.68 3.91 5.53 5.31 3.50 9.19 
7.45 0.13 9.62 4.75 1.33 3.83 7.76 0.30 2.35 4.17 2.38 9.99 9.77 8.98 6.51 8.02 3.07 7.08 6.99 3.91 1.63 1.20 2.57 2.82 3.88 5.25 6.73 9.41 0.56 0.23 8.60 8.01 0.36 8.22 2.76 1.69 2.05 0.52 1.99 4.41 4.69 4.37 4.39 4.46 3.35 0.90 2.48 6.42 7.99 9.47 0.33 9.62 0.67 2.90 2.43 4.55 8.15 9.16 3.96 8.71 9.39 2.56 6.72 9.75 0.78 9.48 1.44 2.83 10.00 3.43 7.24 4.68 7.80 1.64 9.15 1.15 2.54 1.63 7.57 0.52 1.09 7.90 0.14 1.76 0.80 2.57 6.31 8.95 1.74 0.26 7.66 1.13 2.82 4.38 0.88 3.60 3.86 2.32 6.43 3.85 
5.75 3.68 8.54 3.55 5.31 7.68 4.70 7.85 9.31 2.28 8.37 0.40 0.18 8.52 2.16 0.97 1.09 8.47 9.92 2.83 8.73 7.58 3.96 1.55 1.95 4.84 5.15 5.81 7.15 1.59 9.67 2.90 5.26 8.20 6.45 0.57 5.89 1.15 8.42 5.20 3.43 6.80 5.60 3.61 5.31 7.77 4.58 6.40 6.24 4.50 9.23 4.97 2.08 3.18 6.52 4.03 8.02 1.67 9.84 5.17 3.26 9.51 8.07 8.52 7.71 4.52 9.09 3.60 5.67 7.52 8.80 9.10 4.31 4.40 2.70 9.62 2.17 7.28 6.02 8.40 1.78 5.25 3.37 3.86 8.43 9.89 7.89 6.44 1.57 7.74 1.61 4.82 7.25 9.69 3.34 4.96 4.20 2.44 8.56 9.87 
9.95 7.36 8.97 4.26 1.76 1.67 3.89 3.93 8.95 9.91 2.34 0.74 5.16 5.71 4.60 3.59 5.60 2.49 0.03 7.17 0.23 1.65 1.99 7.47 1.33 5.33 2.43 5.54 7.77 0.99 5.41 7.72 8.35 4.38 1.99 0.12 6.05 5.88 4.05 5.01 5.79 6.39 5.74 0.95 2.09 0.34 4.54 7.69 2.83 4.57 4.86 3.06 6.22 6.85 0.53 7.55 2.18 2.96 3.09 9.95 3.95 8.50 7.68 2.31 2.88 9.67 2.42 8.93 5.54 6.47 3.94 1.33 2.86 9.68 2.28 4.95 0.02 6.82 2.65 2.86 1.39 7.50 5.91 7.60 4.35 6.44 5.15 6.53 9.40 8.24 6.49 3.36 6.74 4.16 5.66 9.62 3.83 8.09 8.55 9.37 
4.56 2.49 0.70 7.42 2.17 2.98 2.37 2.19 9.80 5.02 5.05 1.18 2.52 0.96 8.78 6.87 7.40 3.94 3.41 6.81 2.18 9.89 0.16 8.92 4.05 5.82 8.54 7.88 3.91 7.09 7.25 8.47 9.57 7.95 5.89 1.74 0.93 8.27 3.94 0.72 3.29 8.98 1.90 5.81 9.95 0.69 2.68 7.35 4.62 6.09 4.16 6.80 5.98 4.32 5.72 0.03 0.14 4.26 7.91 4.06 1.34 5.16 2.53 0.92 3.11 8.42 2.66 4.03 6.69 6.60 4.76 9.98 5.58 6.66 5.78 5.53 7.35 8.47 2.88 1.97 4.56 7.04 8.77 0.54 1.36 4.50 0.57 1.50 8.75 8.48 5.56 0.10 3.64 8.08 1.02 6.75 6.51 3.68 0.78 3.20 
0.28 5.54 3.17 5.86 2.20 8.96 1.39 9.55 7.43 4.27 1.52 1.98 1.31 0.29 2.52 2.66 4.79 3.09 4.16 3.54 1.57 9.72 3.64 5.21 7.80 4.66 1.96 4.31 8.34 2.74 7.51 8.62 8.28 0.68 4.48 0.48 9.64 5.87 0.03 7.07 0.14 1.55 9.05 1.45 1.84 1.56 4.11 6.63 4.65 8.28 0.18 6.21 7.99 3.82 1.42 5.80 8.48 3.38 0.11 6.83 6.12 7.61 5.45 4.41 8.29 9.93 4.89 7.93 5.80 4.92 5.00 5.95 6.47 4.05 7.40 8.31 5.61 1.51 4.95 0.26 9.79 5.12 6.47 7.78 8.95 7.89 3.58 7.43 1.28 3.68 4.26 7.40 1.29 9.71 1.81 9.59 9.64 6.70 7.52 5.44 
1.62 2.52 1.39 8.09 6.56 8.79 6.40 2.17 0.30 1.35 2.43 0.09 6.47 8.90 7.87 5.42 6.80 1.45 2.85 8.07 5.13 7.11 5.47 6.42 6.82 7.28 6.01 6.46 3.98 3.53 1.90 5.60 6.05 3.29 3.69 2.62 2.07 0.09 4.79 2.37 1.44 7.22 2.46 7.92 6.12 0.32 3.34 2.92 1.77 6.19 0.99 6.90 3.30 6.46 3.32 0.12 3.74 9.33 6.57 7.71 2.86 8.47 3.31 8.92 1.76 7.00 1.53 3.83 7.09 6.32 6.20 8.53 3.54 8.65 6.44 9.66 8.98 9.78 2.58 0.75 5.97 3.56 7.64 9.27 0.02 0.96 9.38 3.76 0.30 5.96 1.47 3.16 4.43 4.78 2.08 6.18 1.78 3.61 0.01 8.87 
9.93 6.21 7.40 3.47 4.86 3.84 3.14 3.84 3.62 5.71 4.58 9.59 9.28 2.23 8.86 9.30 3.19 8.24 3.06 3.49 4.20 4.53 6.65 8.62 9.32 8.73 4.81 1.10 2.34 4.82 9.97 2.27 1.02 7.36 5.74 5.88 1.21 8.88 9.72 4.83 4.59 4.31 4.42 3.87 6.53 3.28 3.17 9.73 1.52 6.23 3.22 5.71 0.76 9.87 4.34 0.08 8.60 9.14 1.18 0.94 3.96 1.14 3.21 4.98 8.51 8.95 0.87 9.71 7.83 0.59 4.54 2.42 4.90 8.96 6.29 1.43 2.23 9.46 1.16 3.75 5.69 4.38 9.46 6.45 4.25 3.80 6.53 2.84 2.95 7.71 3.78 6.91 8.85 6.98 1.89 7.36 5.93 2.76 7.07 3.76 
3.35 1.61 6.18 8.24 0.57 2.46 9.67 2.80 1.92 0.83 6.55 7.61 5.21 6.01 4.06 9.45 9.82 0.58 2.30 2.76 8.29 6.08 9.67 7.14 3.06 1.56 4.49 8.99 4.32 1.56 2.75 7.67 3.17 8.93 5.91 3.74 1.39 5.59 6.53 3.31 6.42 3.08 0.91 1.63 9.10 4.97 1.08 8.91 5.55 3.38 1.68 3.84 9.46 1.35 0.98 2.52 2.91 5.48 1.51 7.23 7.04 4.26 4.90 0.21 3.19 0.82 3.95 4.57 6.41 0.48 7.88 2.83 3.56 8.79 4.46 2.66 3.76 5.54 1.57 9.31 8.92 3.25 3.16 8.38 4.60 4.14 0.90 7.51 9.62 2.40 4.74 6.66 6.66 9.64 6.87 9.85 0.46 0.81 4.42 6.87 
1.29 2.31 9.70 4.86 1.10 4.16 7.52 4.86 9.70 9.09 4.18 8.62 2.34 7.33 7.00 6.94 1.47 7.90 4.44 1.09 0.31 9.18 7.75 6.97 8.83 4.61 6.82 9.29 5.43 1.24 6.15 6.72 3.55 5.85 1.57 4.65 0.00 9.09 9.51 9.70 8.18 3.69 8.33 0.52 1.02 5.33 7.45 2.49 3.23 1.90 3.58 3.54 1.08 1.33 0.51 9.90 5.95 7.32 9.19 1.37 8.57 5.34 8.09 2.12 1.19 9.66 6.76 1.20 8.75 6.27 0.90 6.93 9.96 9.23 7.45 0.98 4.56 4.90 3.47 7.79 6.79 7.05 1.32 7.87 8.38 1.83 7.78 4.33 9.15 6.97 5.70 7.72 2.31 3.79 9.83 3.50 3.46 6.60 4.70 2.21 
2.87 5.59 9.14 2.83 4.82 6.59 3.80 9.38 1.48 7.27 7.16 8.28 4.32 8.49 6.15 2.71 0.32 3.92 7.04 9.47 0.89 2.74 7.19 3.20 6.53 7.02 6.70 9.99 3.62 1.39 2.20 6.49 6.99 1.34 9.31 1.81 7.93 3.12 1.19 9.41 0.39 8.35 7.69 4.71 6.84 3.84 7.42 7.15 7.76 4.46 6.62 8.65 7.20 3.81 1.85 3.73 0.83 8.55 3.72 4.45 9.94 5.92 0.93 6.93 7.26 0.25 8.74 5.19 3.37 9.93 4.60 3.76 8.28 2.29 8.47 5.12 6.12 5.89 2.27 3.88 0.35 8.90 2.53 7.55 2.71 4.37 1.28 3.54 2.92 5.00 7.98 2.86 0.92 8.92 9.79 8.18 9.16 8.53 3.37 2.53 
8.46 7.97 6.29 6.74 0.25 4.76 1.86 6.38 0.65 4.14 0.26 1.00 3.03 2.78 8.55 5.74 7.16 9.83 9.27 0.08 4.83 7.26 2.94 5.75 6.17 2.73 3.93 5.34 1.26 7.30 7.87 9.72 5.26 4.16 6.46 5.52 8.92 8.32 1.89 9.57 2.46 2.15 0.57 5.49 4.93 9.12 1.23 2.09 8.95 0.50 2.17 3.78 7.76 5.11 9.53 3.93 7.85 3.45 9.27 9.11 0.75 7.14 8.83 6.01 1.29 5.30 1.53 0.21 3.62 3.42 9.78 6.08 5.57 0.35 1.57 0.51 9.48 2.80 2.60 8.43 3.31 4.77 2.21 1.07 9.89 1.74 5.00 7.73 5.19 4.27 6.84 5.94 1.40 5.67 1.95 2.70 0.97 3.48 2.91 4.59 
6.91 2.69 0.67 2.48 3.04 2.24 2.98 2.52 5.04 5.58 0.96 8.35 0.36 3.17 9.42 0.24 4.91 4.41 7.97 0.11 8.68 4.81 6.05 0.08 0.48 8.00 2.78 1.45 1.49 5.69 6.04 8.39 8.38 6.71 0.87 1.42 8.94 3.86 3.95 3.99 9.44 4.90 2.33 9.79 8.07 1.75 0.03 2.99 6.16 8.01 3.09 4.84 2.82 9.14 4.93 3.30 7.15 7.71 4.76 8.64 3.40 0.79 7.03 1.78 7.50 7.90 3.20 6.44 1.76 7.15 0.43 1.20 2.05 2.76 0.99 0.12 4.51 1.02 3.11 0.67 9.03 6.20 5.52 1.85 5.35 0.45 5.16 2.50 8.16 9.91 1.14 1.56 0.71 8.17 3.33 8.21 6.07 6.54 4.65 7.83 
3.68 5.08 9.02 5.73 7.84 0.01 5.85 2.36 1.04 8.96 3.03 0.07 5.16 8.55 1.92 0.51 9.00 7.08 3.01 7.15 6.99 4.14 8.71 7.70 2.31 2.04 5.90 8.38 8.58 0.56 6.21 2.26 5.64 5.23 7.99 3.48 5.24 3.84 5.84 6.28 2.80 8.87 6.35 7.96 7.42 8.27 8.48 6.42 5.34 1.49 3.57 2.33 5.63 2.28 0.03 7.94 4.32 5.93 6.32 2.90 6.49 2.53 5.16 2.13 7.76 3.15 5.61 3.01 7.00 1.45 9.29 9.80 0.32 5.64 7.76 7.74 3.91 6.24 4.16 9.25 7.73 7.73 1.58 3.36 0.01 1.61 1.30 4.33 7.54 7.62 7.24 4.03 0.16 2.40 6.16 7.92 5.56 1.77 0.93 2.55 
3.22 0.22 2.35 3.55 5.86 0.11 1.29 9.77 6.35 5.45 9.02 4.07 3.18 0.60 7.43 3.19 2.21 8.73 7.52 9.75 6.35 4.76 3.78 6.51 7.16 9.94 4.43 2.72 1.72 5.36 5.27 4.94 5.59 7.62 8.49 1.45 7.73 9.78 1.21 4.08 5.23 0.23 8.15 8.41 0.83 5.58 1.60 3.04 4.31 9.12 2.79 0.66 3.88 6.57 7.17 1.04 6.52 1.60 3.76 8.23 6.97 9.03 3.17 2.55 6.65 1.66 4.00 4.38 1.44 5.21 8.46 6.67 5.44 6.61 5.08 6.27 2.18 6.68 9.31 6.49 5.80 2.10 7.15 9.68 8.68 4.32 0.72 5.19 5.93 4.49 3.43 2.89 3.52 6.60 5.45 0.17 8.26 9.45 4.56 9.70 
4.66 3.01 6.37 0.11 9.62 1.45 6.38 1.81 8.12 5.69 8.30 3.92 7.79 5.45 3.60 6.47 9.77 4.32 1.66 5.69 8.81 5.09 8.59 2.33 1.69 4.03 2.50 9.95 3.48 7.06 9.65 8.15 0.07 6.02 8.25 9.69 7.46 4.63 1.50 5.58 0.32 9.79 9.50 8.11 5.24 3.10 4.58 5.01 7.42 6.24 0.70 6.23 1.33 9.29 8.56 3.02 3.32 1.06 2.97 6.81 8.12 2.61 4.95 8.19 8.63 3.20 7.88 6.09 7.83 9.38 1.68 8.15 9.17 1.18 6.26 4.41 4.28 0.84 9.42 1.71 7.08 0.12 7.94 8.41 9.41 6.50 1.43 2.74 7.55 4.40 9.54 5.67 7.01 4.49 3.86 5.64 7.70 1.74 1.73 5.53 
1.12 3.41 3.68 0.29 4.59 9.94 4.71 8.87 0.79 4.13 0.58 7.87 4.25 8.51 6.29 3.67 5.01 7.72 6.40 2.57 2.11 5.95 8.24 9.12 0.44 2.09 4.76 8.14 3.83 6.50 3.67 4.95 9.91 7.35 5.24 4.49 7.29 9.95 3.36 8.08 4.08 3.94 5.95 8.33 2.45 2.24 2.00 7.46 9.95 8.41 0.03 2.07 4.35 8.27 1.19 4.79 0.36 5.95 2.93 4.19 2.45 6.60 9.14 2.36 3.94 4.38 6.85 1.23 4.33 0.21 9.31 8.41 4.15 5.26 6.75 6.60 7.50 8.75 4.07 7.45 7.15 4.10 9.51 1.51 2.36 0.70 6.30 2.72 6.65 9.23 6.91 9.10 5.82 6.06 1.46 9.76 0.44 8.31 1.00 4.77 
8.52 0.30 3.19 2.67 5.56 9.93 9.28 3.06 8.68 3.35 0.51 5.83 7.44 0.02 7.34 9.81 0.73 3.63 2.53 7.38 2.86 9.44 6.49 8.69 5.50 7.95 8.45 5.94 6.25 9.45 0.71 4.78 9.75 3.90 7.45 5.32 3.83 6.72 8.38 2.51 0.07 8.89 8.34 7.51 8.91 5.67 7.32 9.64 9.31 9.85 7.02 2.17 9.29 3.51 0.86 4.79 1.45 9.31 0.73 7.71 8.76 1.44 2.48 8.51 5.34 9.93 3.83 9.17 6.65 2.21 1.68 6.72 1.09 0.01 4.24 0.01 5.69 1.56 9.64 4.99 1.41 6.66 7.17 0.71 0.17 8.03 5.50 1.62 7.34 6.23 9.33 6.10 7.68 1.81 4.61 3.02 1.74 8.44 2.19 8.39 
0.65 3.86 5.12 1.75 3.87 9.35 1.75 9.56 0.91 1.40 4.55 2.32 8.06 1.72 3.03 8.23 9.75 8.53 9.85 7.09 4.76 9.18 3.19 2.43 0.99 7.80 5.45 2.73 6.25 7.64 1.12 6.90 1.50 6.23 8.64 5.37 5.59 0.40 4.93 6.50 1.79 9.48 8.82 9.85 1.20 1.85 8.08 0.95 0.38 7.93 8.04 5.14 7.11 1.23 7.57 8.10 9.03 3.02 0.82 5.28 0.66 1.94 2.17 2.15 8.18 0.82 7.52 3.76 1.21 2.45 0.26 3.00 1.93 9.08 2.86 3.14 0.93 0.94 4.09 1.31 8.87 2.13 6.45 5.98 3.36 4.02 4.08 2.39 7.04 4.90 7.66 7.70 6.84 9.84 9.85 5.02 0.65 7.37 8.78 1.87 
9.82 9.04 4.87 1.75 8.13 7.73 4.89 9.06 8.67 8.98 0.37 7.54 1.10 6.82 3.52 4.46 0.84 7.59 6.85 7.88 2.50 4.51 5.58 9.34 4.35 5.43 4.36 5.00 2.80 3.14 6.87 2.62 2.18 1.74 4.37 0.31 9.47 9.26 9.37 8.13 8.24 9.74 5.67 9.34 6.56 9.18 3.80 7.40 6.78 0.65 5.28 9.27 5.16 0.86 8.61 9.51 6.29 2.97 4.51 9.09 6.11 1.38 1.71 8.29 3.12 6.09 8.60 2.59 5.35 7.96 0.72 3.59 7.70 6.39 2.93 4.26 5.58 6.73 1.66 2.36 7.38 6.94 1.63 2.54 7.81 0.24 2.05 4.10 3.21 6.57 3.19 9.32 7.95 4.91 7.61 1.07 0.99 6.21 3.66 6.34 
4.17 4.38 9.93 1.87 0.78 2.86 6.13 6.35 9.60 7.79 8.71 6.98 4.73 0.34 9.52 2.54 0.58 1.58 6.64 3.80 8.14 9.83 3.12 6.09 4.74 0.74 7.16 5.73 6.95 0.82 2.08 1.12 5.21 2.01 2.99 5.98 4.87 9.12 2.34 4.47 6.92 1.05 1.44 1.65 1.39 0.97 4.19 1.97 2.55 0.83 5.77 0.69 0.66 8.89 6.78 5.39 9.63 3.94 1.13 6.57 4.77 3.20 7.69 9.97 5.21 0.68 5.95 0.08 9.81 8.29 4.55 6.72 9.34 5.99 8.37 0.73 6.96 2.56 2.70 9.50 3.39 8.47 0.19 4.04 7.37 6.98 9.44 6.99 0.92 0.56 3.57 5.69 3.77 1.26 5.66 8.98 1.94 1.61 9.06 1.75 
9.90 3.60 8.48 9.24 9.59 6.85 9.97 6.55 9.41 2.67 6.05 2.80 1.14 6.24 6.84 8.51 3.22 6.28 5.50 4.14 6.84 9.07 9.83 0.61 0.33 5.48 9.59 2.28 7.10 8.64 4.03 7.00 2.24 2.51 6.24 1.83 9.36 6.21 8.38 8.77 8.88 4.43 1.57 0.02 0.67 8.41 8.53 3.89 4.69 4.04 8.03 1.53 3.11 7.86 2.14 3.44 3.34 1.73 5.72 0.44 0.37 9.75 7.44 2.61 2.26 3.68 4.44 1.62 9.89 2.82 0.38 8.77 7.25 1.95 8.79 7.92 0.36 7.32 1.81 5.05 1.36 9.84 6.58 4.46 7.70 8.72 7.90 1.04 0.45 3.62 1.48 0.81 3.37 8.92 3.42 5.63 2.60 7.86 7.25 2.48 
0.68 7.63 1.25 7.93 9.58 0.04 5.85 9.94 7.36 7.66 4.98 8.71 7.51 1.56 3.18 5.21 0.28 1.08 6.26 0.73 4.70 7.74 1.54 8.08 6.66 4.96 3.71 9.26 2.82 0.95 1.74 3.50 8.58 2.99 1.43 8.16 3.03 7.28 8.10 0.38 4.95 3.08 9.09 2.46 4.64 2.27 7.67 4.92 3.35 3.92 5.65 8.06 1.66 7.19 6.13 8.32 2.15 9.84 7.57 4.97 0.79 9.31 8.47 9.37 2.30 9.90 7.53 5.33 7.19 5.63 5.71 2.13 8.71 4.80 4.59 3.35 7.07 2.25 8.28 0.43 6.18 3.93 8.48 7.84 1.11 4.61 6.15 3.26 4.45 3.72 8.24 5.24 3.04 6.71 4.61 5.34 6.61 2.14 0.66 3.80 
7.77 6.37 5.93 6.48 1.18 0.52 9.83 8.25 2.77 8.11 8.68 8.95 2.03 7.16 6.78 3.15 1.77 2.94 6.41 6.22 6.66 4.65 1.47 9.70 1.36 6.08 5.03 7.97 8.22 5.70 1.77 6.00 2.07 7.70 2.48 3.25 8.22 2.31 1.50 0.99 0.42 0.18 9.94 2.46 7.34 6.72 5.60 9.11 9.66 2.02 5.33 6.32 6.67 6.80 6.02 8.02 2.88 1.05 5.99 1.10 6.75 7.76 7.10 8.82 5.46 9.57 2.07 3.68 1.88 3.57 4.68 2.31 3.75 4.62 4.76 1.08 1.34 0.37 0.19 1.00 2.38 5.53 7.32 9.05 2.33 3.34 7.07 5.20 4.39 3.06 6.30 1.13 0.83 3.40 9.95 6.29 2.97 2.02 9.97 4.86 
5.59 4.65 7.16 9.34 9.27 1.93 0.43 0.60 2.29 0.62 1.60 4.67 6.15 8.92 3.72 8.47 2.26 0.79 3.68 6.64 3.86 9.98 7.78 4.68 3.38 7.73 0.97 6.36 9.76 0.95 1.22 5.35 5.60 8.38 4.69 4.86 0.31 5.12 5.47 2.60 5.74 7.07 7.27 1.88 5.99 0.99 0.36 8.25 1.78 4.04 4.89 5.64 4.02 2.67 0.32 7.41 0.41 1.29 3.77 0.16 2.24 4.98 5.51 7.84 3.36 0.20 2.71 3.67 5.32 8.17 6.27 1.06 5.25 3.54 2.94 1.24 4.53 3.30 9.49 6.31 7.34 4.39 1.95 1.36 7.06 2.27 8.77 7.47 3.57 2.54 7.63 5.81 7.52 3.14 3.65 0.88 3.35 6.36 4.55 8.67 
4.53 0.82 9.72 9.78 4.36 2.67 1.02 8.89 5.97 0.51 5.21 3.31 4.90 7.16 4.67 1.96 9.43 3.44 9.43 3.00 5.98 7.06 8.81 3.49 0.20 2.46 4.38 3.54 8.82 8.93 2.21 3.35 9.75 1.94 3.13 4.12 4.60 4.15 3.01 0.57 4.66 8.22 3.88 9.56 5.38 8.55 1.52 4.82 1.98 0.95 7.82 7.96 8.00 6.63 1.45 8.20 9.09 5.83 1.75 7.91 4.76 3.96 1.26 4.51 5.89 4.39 8.63 0.50 8.54 1.64 1.06 3.20 9.86 4.94 2.76 5.25 3.49 4.28 0.06 5.47 5.23 7.88 3.43 3.23 4.51 4.88 1.44 3.60 0.71 3.18 1.51 5.48 7.14 2.77 9.99 3.04 7.16 8.62 3.53 5.69 
0.27 4.60 8.89 0.13 9.53 1.65 5.38 3.02 5.93 5.44 8.49 1.16 3.32 1.92 4.39 7.83 6.80 5.83 1.43 7.52 9.01 2.93 2.99 6.15 5.70 2.98 9.19 2.86 1.60 2.72 8.55 1.87 7.32 7.44 2.00 6.85 9.10 7.38 9.87 5.03 2.82 8.36 6.19 6.13 0.28 0.59 3.96 7.09 6.42 5.39 4.61 5.43 8.32 7.60 1.59 4.02 0.58 0.78 6.87 2.19 3.50 5.42 4.06 0.81 2.87 6.06 7.67 1.97 3.43 7.54 7.00 6.25 5.90 3.19 2.38 6.18 3.78 6.34 3.27 0.20 1.73 7.87 5.63 0.05 5.47 7.21 4.07 6.06 7.99 0.94 8.24 1.48 6.37 2.30 2.30 9.24 8.36 9.97 1.20 1.79 
7.50 8.20 8.04 3.40 1.39 0.42 9.58 5.17 6.77 2.85 5.37 8.50 0.73 0.99 8.55 6.20 8.20 2.62 2.26 6.19 3.56 0.50 7.68 9.93 2.80 9.97 9.16 1.16 9.94 0.37 2.95 7.44 8.57 0.99 0.84 9.96 1.41 0.43 5.13 8.18 3.28 0.49 6.68 4.01 1.49 5.22 0.21 9.69 7.84 2.47 5.88 1.40 2.97 3.56 1.32 5.77 3.53 0.49 6.94 3.47 0.85 9.89 0.91 9.42 0.88 1.76 9.38 2.29 2.19 4.50 0.47 5.47 5.00 7.15 9.48 6.49 2.37 9.69 6.18 0.21 2.16 2.06 1.60 5.13 5.61 2.93 0.91 9.14 3.41 7.84 2.61 4.26 7.73 3.52 3.68 8.61 5.28 3.06 0.90 7.46 
7.56 1.37 2.93 2.56 8.52 2.41 9.05 0.89 2.10 5.22 1.09 4.26 7.28 2.70 9.39 2.89 5.62 0.30 2.04 9.04 8.14 4.65 3.30 5.87 8.17 6.98 4.48 3.45 0.04 5.38 0.91 7.60 6.75 3.84 0.17 5.27 6.25 9.21 6.15 8.35 4.44 7.24 2.61 1.72 9.94 2.00 4.61 5.56 2.30 6.65 4.60 0.44 1.30 7.90 6.30 9.47 4.88 0.78 2.92 4.92 6.16 3.83 2.52 2.91 7.68 2.69 8.17 3.93 1.90 4.32 2.28 6.34 1.56 4.90 8.06 1.50 6.90 2.68 7.07 9.20 9.33 1.66 9.63 0.63 9.56 5.94 0.10 4.44 6.72 3.02 9.36 2.87 6.86 1.88 5.78 4.53 4.57 3.95 8.47 6.48 
8.27 0.75 2.82 9.83 5.65 0.88 1.34 2.54 3.55 8.40 1.74 2.88 0.07 1.37 3.51 9.63 7.31 3.61 4.07 4.03 6.64 3.43 6.90 3.49 5.32 2.68 8.03 9.89 6.63 6.49 6.37 4.89 7.24 9.18 4.73 2.89 0.06 6.06 5.43 3.62 4.47 7.17 6.50 4.53 8.55 0.01 4.16 5.86 3.62 8.23 9.88 0.26 1.67 6.78 3.75 6.98 9.46 1.78 6.87 6.08 8.27 3.24 0.98 5.51 2.42 5.71 8.40 2.48 1.77 3.83 6.10 6.24 1.00 2.60 0.77 9.55 2.61 4.94 5.40 6.23 3.17 5.29 6.49 4.84 2.07 0.24 1.82 1.52 2.02 8.69 7.61 0.29 1.93 8.59 5.80 4.36 4.29 4.20 6.84 6.07 
8.03 2.94 2.30 9.03 5.54 3.08 8.57 8.15 8.01 3.98 4.38 1.18 9.26 0.87 6.02 1.33 1.11 7.84 2.86 3.13 6.53 0.46 3.42 8.46 9.05 9.21 2.82 3.34 3.41 9.66 9.41 1.43 2.60 1.71 0.46 8.14 4.79 9.04 6.29 2.81 3.01 0.67 3.99 2.28 1.54 0.01 3.61 2.66 7.84 6.46 5.79 4.37 6.93 9.21 2.83 5.98 8.42 5.65 9.32 1.83 5.31 8.73 3.26 7.90 0.45 3.72 6.04 5.24 2.76 2.33 8.05 5.77 3.00 2.03 8.05 4.55 2.04 1.66 7.20 9.88 8.13 2.99 4.25 5.05 2.20 7.08 1.03 0.62 2.73 0.35 2.45 8.03 9.09 5.71 5.94 9.53 9.44 1.98 4.77 2.20 
4.31 2.82 7.97 7.31 4.85 6.03 1.86 6.89 7.69 9.06 6.77 5.82 2.05 1.02 0.87 4.25 8.10 1.90 4.88 0.83 2.26 7.33 8.86 1.34 3.04 4.79 0.88 2.48 6.77 5.65 4.67 1.08 8.47 2.65 8.39 3.32 8.67 0.25 0.21 6.36 9.31 6.98 2.17 1.36 8.00 3.04 5.62 6.10 4.95 0.49 6.92 7.20 7.82 5.78 8.55 0.86 0.58 9.42 3.33 7.35 5.07 8.00 8.43 3.54 0.65 6.82 6.86 9.32 7.07 7.07 5.68 6.37 4.05 7.85 7.73 2.05 0.90 3.35 8.14 5.85 3.84 5.07 3.05 1.66 0.85 1.59 2.51 1.43 1.01 5.84 8.77 6.09 3.85 7.20 9.63 4.50 4.02 6.48 3.82 1.09 
3.55 9.50 7.46 7.60 7.35 5.19 9.65 8.25 8.54 7.79 4.09 2.38 2.86 7.14 4.04 3.71 8.74 6.55 5.14 9.75 2.40 3.91 5.84 6.24 1.11 5.46 0.74 5.13 1.95 4.56 6.22 5.50 4.05 3.68 3.10 1.41 8.87 2.75 9.66 7.41 0.54 3.75 9.79 3.40 0.89 3.83 7.11 9.63 0.38 2.25 9.38 2.78 6.16 5.22 9.02 7.27 0.68 9.77 2.40 2.62 4.32 8.62 8.12 8.38 2.30 1.22 9.78 1.16 3.97 9.44 8.57 4.51 3.19 8.36 7.91 4.08 2.19 5.03 3.71 2.57 7.27 3.09 5.35 3.43 8.30 4.38 0.70 8.98 4.14 3.10 1.60 8.46 1.72 9.72 6.84 4.02 0.94 6.63 5.18 4.91 
6.06 3.76 9.42 9.25 2.12 7.34 3.33 4.31 2.36 7.04 6.88 9.64 0.13 2.24 3.07 8.43 6.61 3.77 7.41 0.75 6.87 9.01 9.22 8.59 8.74 6.06 2.61 9.68 2.68 7.79 4.59 8.75 1.55 4.01 8.00 3.67 1.35 1.33 7.98 3.71 8.38 4.87 3.35 8.51 7.10 6.41 6.94 3.71 0.18 4.35 4.46 7.06 3.37 3.68 5.65 2.10 9.74 8.26 1.78 2.42 6.06 6.37 1.17 7.61 0.38 9.17 1.28 1.73 0.50 9.26 5.44 8.88 4.12 8.79 7.39 1.23 5.20 4.33 4.94 5.39 8.68 9.40 2.44 2.05 3.08 8.09 4.15 2.82 6.35 5.93 5.25 2.41 2.30 6.42 0.01 2.68 5.59 1.29 4.41 6.09 
0.55 9.86 4.97 4.67 8.64 2.36 5.90 3.85 6.69 0.84 9.23 5.37 0.24 1.67 7.41 3.33 9.76 1.56 6.15 6.11 7.49 1.39 8.52 9.79 7.81 8.53 2.47 3.40 9.83 6.88 9.49 0.38 6.74 4.46 5.05 5.38 6.82 0.95 9.23 3.51 1.79 8.46 8.87 2.03 0.14 6.28 5.35 9.90 7.84 1.50 6.01 5.33 2.89 4.53 5.11 0.70 3.07 7.58 4.10 2.89 4.46 3.59 3.27 1.20 8.05 8.32 6.59 4.87 9.27 5.82 8.37 1.05 4.28 7.24 3.08 4.41 3.52 8.43 4.31 1.36 9.94 0.32 6.69 2.83 4.86 1.80 3.53 7.92 9.38 7.63 0.81 3.84 1.22 4.08 5.04 9.27 2.40 1.63 4.13 1.67 
7.45 2.51 2.72 1.73 9.75 5.80 6.14 3.27 4.23 0.45 4.64 4.17 0.78 1.33 7.00 5.63 3.13 0.53 3.55 2.51 8.17 4.37 6.35 9.39 8.45 1.39 8.66 0.85 3.02 2.79 2.51 0.47 5.29 5.23 2.20 5.04 1.03 8.34 8.31 5.26 8.79 2.95 9.43 9.57 4.27 6.43 5.20 7.40 6.96 8.75 9.91 5.13 3.12 6.26 4.52 1.57 7.65 3.17 2.42 0.67 5.96 4.93 1.15 1.26 0.16 3.34 6.30 1.19 1.68 4.61 6.45 0.47 7.56 5.89 0.04 1.83 2.32 5.24 9.23 9.28 4.00 9.14 4.41 7.12 5.40 8.92 8.69 3.05 2.10 1.10 3.72 8.06 6.03 4.87 9.31 6.19 8.21 5.61 7.38 9.90 
0.22 3.83 0.37 7.78 9.72 0.41 9.61 2.04 5.66 8.85 1.32 9.65 7.99 5.73 6.77 3.38 4.65 5.45 6.43 6.75 6.56 0.15 4.80 2.58 5.02 4.11 8.77 3.23 9.72 6.15 3.13 9.94 9.98 3.50 7.72 9.70 3.92 7.33 1.74 9.58 6.18 3.05 9.23 4.16 8.78 6.00 7.55 3.43 1.45 3.98 0.18 8.01 4.13 4.98 0.60 9.15 9.09 9.37 2.38 8.81 5.52 5.52 8.76 5.50 9.02 6.48 5.20 2.94 3.81 6.94 2.51 9.99 9.99 1.74 4.15 8.77 7.74 1.70 2.20 9.20 5.67 2.37 7.21 9.80 7.35 7.81 8.95 6.44 7.17 1.34 5.26 2.69 6.85 4.02 8.19 5.87 0.49 3.39 8.81 4.30 
0.33 1.33 4.29 0.32 3.07 8.44 9.09 0.82 0.14 1.28 0.01 5.82 3.66 7.22 5.62 1.01 5.03 4.57 7.45 2.20 5.91 2.71 4.90 2.76 6.73 3.09 8.63 7.22 6.48 7.44 1.52 6.81 8.77 5.81 7.13 1.84 4.26 6.22 2.66 4.40 7.50 2.67 0.21 1.16 9.89 5.83 2.17 4.92 0.40 9.62 7.13 6.31 2.33 2.02 9.07 9.06 5.11 7.71 6.28 1.59 5.15 7.80 8.41 3.92 3.62 5.54 5.76 7.87 1.76 8.42 2.27 9.26 1.09 2.48 0.42 0.98 8.32 2.59 5.91 8.72 2.22 3.03 5.04 4.55 5.06 4.11 3.61 0.17 1.82 9.89 1.76 6.97 7.69 0.17 0.89 1.31 5.70 6.65 9.18 7.46 
5.07 1.45 6.72 6.16 3.94 7.14 7.14 2.26 9.74 3.05 0.98 1.95 6.08 6.01 6.50 1.14 0.12 0.11 1.31 1.94 0.00 3.07 8.91 7.70 3.23 9.80 9.01 8.94 6.45 8.19 6.40 1.52 9.64 3.12 7.68 3.58 0.27 4.82 5.83 0.00 7.87 6.81 1.95 3.95 2.82 8.45 5.09 2.95 8.56 6.40 4.89 8.56 9.47 3.80 6.26 2.70 3.60 5.27 1.64 0.05 3.45 8.04 1.57 3.09 1.17 9.25 6.67 1.43 4.07 2.50 1.43 1.94 9.31 3.38 5.89 2.14 1.84 0.99 5.09 0.40 7.39 9.97 8.96 6.86 3.77 5.22 9.56 7.37 0.49 1.21 7.42 3.94 9.25 8.99 7.04 0.42 8.24 3.71 1.85 2.31 
6.21 3.28 4.25 5.52 6.66 0.14 7.66 8.50 1.13 2.75 8.90 8.52 2.72 7.86 5.38 6.49 3.08 4.94 3.86 3.57 6.15 1.28 7.52 5.40 0.27 4.55 5.82 8.51 8.26 7.66 0.82 4.47 0.94 5.07 9.99 7.61 5.21 7.66 6.11 6.34 0.40 5.00 4.86 3.12 2.86 0.24 9.62 5.95 5.18 3.48 9.52 1.33 4.76 7.04 6.73 5.02 1.59 2.55 3.53 9.85 0.21 4.35 4.32 1.15 9.41 4.32 8.76 4.62 1.97 4.87 0.97 2.37 9.87 5.83 5.50 2.74 6.07 5.11 8.68 1.25 8.59 8.20 2.59 3.34 5.24 9.32 8.37 6.83 1.86 1.90 6.68 2.07 6.24 1.00 3.22 5.65 5.32 1.98 0.28 7.29 
6.85 1.24 9.66 6.72 7.07 5.16 9.46 3.14 0.27 8.14 4.40 8.86 6.34 6.98 2.20 1.58 6.30 0.57 8.41 8.16 2.46 5.09 0.23 8.70 6.09 3.45 4.35 1.41 5.43 4.63 8.70 2.28 5.87 8.36 9.00 2.94 3.51 8.46 6.08 3.78 6.60 0.48 2.64 2.95 7.46 4.84 4.53 3.76 5.40 2.94 1.91 7.86 8.04 2.14 6.56 4.13 5.59 0.92 5.54 1.02 5.55 4.24 3.30 1.42 2.59 2.30 4.36 6.11 0.76 0.44 9.89 7.36 0.92 2.53 0.31 8.38 7.36 4.83 2.14 2.76 7.78 4.05 0.63 5.81 6.19 7.19 9.94 1.78 8.11 5.49 2.80 3.65 9.72 6.09 5.07 2.32 8.39 9.43 8.43 9.15 
9.87 8.32 6.51 0.79 0.84 6.82 9.17 8.20 1.65 1.31 0.97 9.43 5.36 1.59 5.24 1.55 8.78 5.19 3.33 6.89 0.67 6.13 0.54 0.40 2.22 5.61 2.71 0.61 5.04 1.14 9.76 4.91 9.46 6.27 5.70 0.30 3.09 4.87 8.50 4.74 6.18 9.47 4.17 1.54 1.06 9.41 3.09 9.84 4.60 6.42 6.72 5.27 2.55 7.26 5.67 4.77 2.88 8.38 5.38 7.92 9.52 5.15 2.83 8.98 1.42 8.53 9.28 4.51 3.40 7.78 9.25 9.57 7.25 3.42 1.11 8.30 2.83 4.20 8.14 7.43 0.63 4.87 2.71 3.18 2.13 8.38 7.95 5.01 6.76 3.33 2.92 6.28 8.48 5.75 5.27 9.90 4.27 4.54 4.41 7.67 
2.32 3.67 7.24 9.57 7.09 8.36 7.87 9.92 2.56 6.01 7.36 3.19 0.88 0.07 6.37 3.01 8.44 4.32 8.01 5.20 7.65 0.94 1.49 6.13 6.68 6.75 6.04 0.96 1.30 0.45 8.63 3.62 4.12 5.87 3.19 1.21 4.23 1.06 1.13 6.79 7.07 8.49 9.98 7.95 8.56 6.35 0.96 7.00 0.66 8.97 2.20 8.32 9.91 3.69 4.45 6.59 0.44 0.49 7.55 1.74 0.94 6.17 5.36 5.06 2.04 8.55 6.26 6.27 9.61 7.40 3.05 6.68 5.89 3.03 4.63 4.44 9.38 5.59 1.44 0.04 4.56 3.65 8.36 4.47 7.33 2.81 1.06 7.78 3.30 8.61 9.51 4.23 4.78 4.87 9.29 6.83 3.42 5.55 3.09 3.03 
2.95 6.15 9.71 8.83 9.18 4.34 3.28 8.55 9.93 4.72 8.59 4.50 8.37 6.95 8.97 5.70 9.76 0.03 3.48 3.05 8.64 2.99 7.29 3.43 7.87 6.58 0.25 1.29 2.13 3.34 4.32 5.07 9.49 4.03 3.91 8.67 8.37 7.19 7.22 8.30 1.91 5.81 2.79 0.28 2.76 1.76 5.98 2.52 1.79 9.47 5.57 0.44 2.46 2.86 3.86 0.33 9.43 4.11 1.62 1.56 7.46 5.93 6.64 6.95 9.96 0.55 5.62 8.33 7.73 2.84 6.62 9.65 8.65 9.42 9.93 1.41 1.18 5.91 3.93 2.97 5.38 9.50 3.41 7.84 2.36 7.27 8.17 1.79 1.39 9.78 3.35 8.84 5.72 9.99 5.79 5.68 0.53 1.41 4.00 8.26 
4.24 0.63 7.91 2.89 0.04 7.84 4.30 1.22 3.75 8.22 4.19 9.13 7.72 7.60 6.97 0.08 4.87 5.13 1.86 6.26 4.92 5.21 5.10 0.63 5.20 0.89 6.31 5.73 2.30 0.31 3.99 6.55 0.94 1.91 9.44 0.98 9.74 3.74 2.20 3.50 1.96 6.39 2.62 9.68 3.99 9.59 9.76 8.86 4.72 1.62 5.12 9.64 6.84 0.22 0.27 2.04 1.12 6.58 7.77 3.42 6.90 1.76 9.97 7.83 3.67 9.41 8.81 3.41 3.14 1.01 6.91 5.11 7.41 9.53 4.79 1.40 9.12 4.55 0.26 3.85 6.17 5.39 3.49 3.01 5.61 3.76 5.05 6.73 0.34 2.81 0.15 7.24 4.57 0.12 5.07 8.24 9.52 3.89 1.65 2.67 
4.90 8.56 7.77 2.31 8.09 2.56 3.71 7.21 7.11 3.97 1.06 3.28 9.36 4.54 6.29 4.97 8.30 1.33 1.69 8.64 4.14 1.84 5.88 8.72 1.96 0.95 6.96 1.48 4.84 8.61 4.14 9.74 7.18 1.92 2.05 5.27 4.48 5.75 2.48 1.59 9.73 3.54 4.86 9.09 8.08 1.15 4.06 6.39 2.48 5.75 5.03 6.62 7.59 0.91 5.34 9.54 1.86 2.30 1.02 6.70 0.92 5.17 6.44 8.09 7.08 8.49 3.36 1.56 4.24 5.84 3.15 3.97 9.38 8.01 3.06 7.46 9.16 7.11 3.85 1.64 2.86 8.88 8.26 0.45 9.79 3.60 10.00 1.66 5.91 1.02 8.36 6.83 6.19 4.80 4.92 3.27 3.29 8.28 4.83 7.53 
4.12 7.98 1.50 3.50 5.99 4.56 0.97 5.15 1.68 4.82 6.79 4.54 3.69 5.05 4.99 3.49 8.65 4.99 5.14 4.56 6.01 3.50 1.39 2.19 8.30 6.31 5.47 1.59 4.59 0.30 9.12 8.71 8.28 0.63 2.21 4.27 5.19 3.18 9.42 6.87 8.00 6.21 1.41 1.69 1.26 6.40 5.18 9.91 1.39 0.32 4.47 7.40 3.82 5.85 9.59 2.12 2.16 5.06 3.71 6.75 5.36 2.83 5.46 3.64 3.46 7.67 7.91 8.65 0.85 7.33 5.52 8.85 3.54 6.92 0.54 4.80 3.32 5.72 4.71 4.71 6.04 9.17 2.10 9.86 5.02 1.69 1.98 7.18 6.75 5.69 3.93 2.11 8.52 9.39 5.74 1.98 7.07 3.66 0.63 7.92 
0.99 6.15 6.77 4.53 3.07 7.31 9.33 6.39 3.03 4.04 1.10 9.07 3.21 3.20 8.92 8.24 4.90 0.90 5.42 1.65 6.58 9.35 3.75 5.11 8.74 9.50 7.09 5.81 3.15 7.72 3.73 4.14 3.87 0.50 8.67 6.95 7.81 8.01 3.34 0.84 2.04 4.44 9.90 5.26 7.64 8.83 3.49 2.54 9.72 8.91 4.19 6.31 8.26 7.94 1.41 7.01 7.44 8.50 2.81 0.59 6.22 6.54 4.73 0.10 7.04 3.41 7.04 4.85 1.41 0.38 5.69 3.46 4.82 5.59 8.71 2.46 4.42 2.20 5.00 4.14 1.12 9.19 0.45 9.38 7.12 1.86 6.39 4.56 0.36 9.20 5.15 6.58 5.74 9.88 6.68 2.78 3.29 3.73 7.63 4.70 
4.11 3.32 8.16 8.93 8.91 6.87 1.39 3.33 9.07 6.39 7.47 0.19 5.58 7.91 9.57 2.70 9.77 5.96 7.26 0.13 5.16 2.41 6.72 0.90 2.30 3.40 3.68 5.59 7.12 1.31 0.29 1.23 4.63 8.45 0.16 3.54 5.32 1.55 6.87 4.40 7.94 4.34 4.59 3.52 2.26 4.16 6.22 2.03 0.12 3.48 2.16 5.28 5.90 8.88 6.18 8.20 2.27 9.87 3.79 9.40 1.18 4.08 0.63 5.82 2.53 0.79 9.36 7.85 2.34 6.24 2.25 0.28 0.58 6.84 3.80 2.84 1.00 0.02 4.87 1.12 3.50 7.03 6.40 9.40 5.90 2.58 7.59 8.18 2.45 1.38 7.58 3.64 5.46 8.20 9.45 7.99 8.99 8.82 5.84 1.33 
5.05 8.09 1.61 5.63 4.93 5.40 8.47 5.92 5.42 3.33 7.04 8.92 0.36 3.44 8.31 6.26 6.02 5.91 4.44 8.47 7.28 2.02 2.11 2.74 0.22 1.56 0.73 9.21 0.38 6.57 0.54 5.43 4.66 2.15 1.06 9.59 7.55 9.53 5.51 2.97 2.86 2.55 1.89 3.22 5.98 0.20 9.48 2.00 6.10 3.92 0.48 3.39 5.94 2.59 6.13 6.16 4.15 6.86 5.37 4.53 3.43 5.91 9.96 8.09 8.06 1.03 7.68 5.61 0.56 3.19 8.58 3.42 5.73 0.46 6.64 1.72 0.66 6.12 3.72 6.76 0.04 4.20 0.15 5.99 6.79 6.28 2.15 0.94 3.14 7.52 5.47 6.57 3.43 5.43 4.67 1.49 6.46 2.35 7.09 7.02 
5.53 5.67 0.44 1.27 6.13 7.07 2.98 6.79 3.19 6.70 3.56 3.24 0.90 3.71 9.22 7.69 9.99 1.37 8.62 3.13 8.89 4.09 9.71 2.32 9.53 4.38 3.80 5.99 6.72 0.90 3.00 2.26 6.57 3.44 3.52 2.70 0.51 6.51 9.49 3.71 3.21 3.05 6.95 4.11 6.75 6.17 1.80 6.74 7.54 0.42 9.88 6.43 4.51 9.59 8.74 4.04 3.96 2.55 0.03 0.68 3.44 3.03 2.94 0.01 6.47 6.47 2.71 6.99 2.97 2.20 0.69 6.19 5.24 7.64 0.30 2.00 3.81 2.10 8.74 1.35 2.52 8.62 7.77 7.03 8.21 6.51 1.07 2.17 9.06 1.10 2.85 2.50 4.13 5.79 2.51 0.60 2.26 5.22 7.59 5.23 
7.42 8.28 1.42 2.66 5.92 1.72 4.66 9.72 3.81 3.40 1.07 6.33 2.02 8.84 3.36 0.22 5.36 4.43 2.39 4.42 5.53 5.24 6.92 9.67 1.03 9.43 0.27 3.29 4.65 7.86 8.53 2.07 6.14 9.94 4.73 2.06 1.66 9.38 1.78 5.47 2.78 2.85 1.80 4.80 1.70 5.16 5.02 7.05 9.60 7.41 1.47 5.13 2.65 8.39 4.80 3.68 7.82 5.07 6.97 2.47 2.93 5.50 4.54 9.07 5.44 9.27 1.13 7.10 8.66 2.91 2.58 1.44 5.77 4.38 6.24 7.46 9.54 1.25 4.51 9.14 8.66 5.98 4.27 1.31 4.37 9.07 4.99 2.19 4.14 1.96 4.66 7.07 7.46 9.20 6.14 2.90 8.48 7.27 0.01 7.13 
0.18 2.59 8.57 5.95 6.97 4.81 3.41 6.51 6.06 7.92 5.65 4.72 3.90 9.92 6.03 8.27 8.99 1.01 0.46 3.13 2.97 5.12 0.20 0.43 4.32 6.33 3.33 2.80 3.60 3.34 9.93 3.78 5.93 8.50 9.72 2.89 3.31 3.13 9.40 9.37 1.06 5.05 4.09 4.96 4.97 0.12 3.23 3.97 1.13 3.69 7.10 4.10 8.81 7.29 4.53 3.13 3.63 7.86 5.93 7.22 1.21 5.86 1.00 7.14 4.37 0.72 0.03 7.68 3.85 9.43 7.05 4.91 4.49 1.14 9.87 9.46 1.25 3.10 3.43 2.38 6.79 0.52 6.48 5.60 7.82 1.01 8.73 1.44 8.88 4.66 8.66 0.08 0.53 9.66 7.22 4.90 0.39 7.25 2.58 4.24 
6.68 9.63 9.15 1.17 0.76 9.02 0.63 2.02 2.12 4.06 4.40 8.91 4.58 0.88 4.51 2.40 1.89 3.24 3.84 0.77 7.91 2.50 0.85 8.44 2.17 8.07 3.34 2.55 5.32 5.91 6.79 2.01 5.54 5.94 3.18 6.30 4.96 3.81 8.32 7.08 7.87 2.72 5.99 2.45 3.61 0.51 4.84 5.50 3.75 8.68 6.27 1.66 1.19 7.12 0.10 3.35 5.19 3.43 5.90 0.52 9.34 2.70 2.52 4.88 8.64 5.70 1.19 3.60 9.51 9.51 0.68 7.37 2.23 6.67 9.82 5.84 7.18 4.66 1.34 0.93 3.35 7.61 2.59 4.54 4.73 2.69 7.89 9.93 6.12 3.79 0.44 5.46 6.49 2.97 0.35 5.12 8.67 1.53 8.72 8.17 
1.04 9.40 5.55 3.27 6.07 5.37 9.11 3.25 0.03 0.45 4.18 3.38 8.06 6.77 7.91 2.79 9.46 5.80 2.71 5.58 9.60 3.15 1.04 6.08 6.12 1.38 1.21 4.79 2.92 9.93 2.96 3.96 9.33 8.51 7.23 5.40 3.87 6.33 8.65 3.90 6.78 2.84 7.28 4.84 9.61 5.20 7.62 9.06 1.00 0.33 4.64 0.60 3.49 5.68 6.68 9.61 7.06 7.89 4.39 9.98 7.82 7.35 3.93 7.15 5.86 1.16 2.55 9.73 7.49 1.20 3.63 4.27 4.04 0.92 9.11 3.64 6.12 6.73 2.71 7.12 7.07 7.34 7.72 0.55 3.02 4.40 0.16 0.08 2.29 4.55 0.05 0.11 1.90 3.99 7.25 7.76 5.14 9.80 7.48 2.64 
1.01 1.12 6.91 5.05 2.03 6.02 8.69 8.15 2.76 1.40 5.27 9.82 8.74 2.98 0.38 1.76 7.38 0.54 1.84 9.67 5.09 1.89 9.77 6.99 5.88 7.03 4.74 1.02 6.83 2.23 3.66 7.84 3.34 0.57 2.88 5.38 6.59 1.58 3.53 9.35 2.97 8.79 9.17 1.72 1.77 9.55 3.48 9.15 0.09 5.32 8.82 5.18 7.21 8.59 2.16 3.09 5.62 6.91 4.12 2.45 9.14 7.78 0.29 2.48 8.35 3.17 7.86 4.94 4.75 1.39 4.29 7.72 0.18 3.46 9.43 1.95 3.01 2.91 1.10 3.10 8.23 9.92 8.27 5.44 8.52 0.44 8.53 4.13 7.35 2.64 6.58 6.48 0.42 6.87 8.97 8.76 0.04 6.83 3.70 4.78 
8.21 7.99 2.50 8.39 1.45 1.94 0.35 4.46 4.85 1.45 7.55 3.08 1.37 5.83 8.51 9.89 6.26 7.04 4.02 3.61 9.69 0.60 0.09 0.10 7.47 9.06 8.87 7.51 5.89 2.57 2.29 4.10 0.56 4.80 2.50 2.01 6.74 2.84 6.47 1.59 4.29 4.02 4.66 5.67 9.84 3.18 5.56 6.11 0.22 9.58 9.72 9.91 0.18 9.81 0.01 7.66 8.87 8.88 5.17 4.76 1.45 7.46 8.86 2.01 2.26 1.36 4.02 9.00 4.20 0.49 0.58 8.49 4.51 5.25 4.16 4.35 8.43 9.72 0.46 8.65 9.30 0.18 8.55 9.48 9.99 8.56 7.14 8.86 7.44 2.31 3.62 8.89 9.77 2.49 0.91 2.03 3.84 4.93 1.03 8.05 
5.42 1.61 6.54 9.92 6.86 0.70 4.27 5.28 0.42 4.73 3.93 9.72 4.91 2.48 9.20 4.90 1.04 6.34 3.76 8.49 8.65 7.38 7.38 8.42 9.87 8.28 0.45 3.71 3.21 1.48 1.76 8.63 3.09 8.30 8.55 9.95 9.00 2.82 5.23 9.42 7.56 9.16 9.14 2.47 1.65 8.35 7.36 2.69 4.69 1.12 1.18 3.34 8.50 8.55 1.76 8.37 6.84 2.22 2.08 0.05 3.69 3.84 8.68 6.78 2.13 7.23 6.73 1.13 0.05 1.96 0.56 7.61 1.13 9.70 0.07 2.77 8.04 7.44 5.46 2.73 8.56 6.64 6.08 7.06 5.19 7.84 5.43 2.03 0.05 7.52 2.08 3.75 1.35 0.76 0.53 3.49 7.99 7.26 4.62 8.04 
9.23 5.18 5.64 0.35 4.88 5.72 3.13 2.92 3.15 8.59 5.65 1.71 5.23 1.73 8.78 0.42 9.57 4.21 2.45 9.62 1.72 4.54 3.37 3.08 5.30 3.90 6.57 3.29 1.16 1.19 1.33 0.39 6.37 6.97 0.75 1.24 2.69 3.87 4.16 5.84 2.46 9.81 7.55 7.69 1.54 6.33 8.11 1.10 0.54 0.57 0.72 2.26 5.10 4.09 5.34 0.40 8.00 1.90 3.69 9.16 3.09 5.02 9.55 9.46 1.99 0.30 0.70 4.68 4.17 4.86 0.52 6.63 4.67 8.07 4.33 6.21 4.39 2.44 7.31 4.93 3.00 8.03 7.19 8.11 2.13 2.53 8.51 0.12 4.43 2.20 9.28 7.53 7.22 8.83 6.98 9.20 9.13 7.68 3.88 3.30 
2.54 4.40 9.94 7.21 2.46 4.26 3.42 6.86 6.70 0.73 1.79 9.71 8.77 8.98 7.81 0.89 1.51 6.32 1.02 5.94 8.52 0.30 3.47 5.74 9.13 0.45 4.94 8.26 8.13 8.82 1.57 0.68 3.22 1.50 7.89 5.68 5.77 1.31 2.54 2.47 2.05 4.33 2.17 0.81 3.31 9.99 1.70 4.82 6.31 2.72 0.76 4.83 3.02 4.22 0.57 2.15 4.67 5.52 0.42 2.81 4.34 1.98 3.49 7.56 3.49 1.38 3.24 9.25 2.70 5.79 1.72 4.74 0.12 3.90 5.55 3.43 3.88 7.26 8.24 0.19 9.98 9.00 5.03 3.00 3.22 5.60 5.15 7.90 1.12 5.57 0.71 5.46 7.55 4.20 3.02 1.04 5.58 6.26 0.29 8.27 
2.05 2.01 3.01 2.17 5.91 8.57 5.59 9.79 5.82 3.84 9.98 5.80 2.84 5.01 8.80 6.06 0.61 3.95 3.96 1.72 9.52 4.67 7.18 7.07 8.86 0.20 8.10 4.44 6.46 8.40 2.71 8.51 0.41 5.73 0.67 6.32 4.29 6.27 6.11 0.11 0.10 6.09 5.92 2.94 1.10 4.72 9.00 1.70 8.67 2.95 3.43 8.18 7.62 0.61 5.25 6.48 0.80 3.36 0.92 7.26 1.75 3.63 5.77 2.16 9.36 6.44 8.48 3.65 2.71 4.59 3.77 2.81 0.68 9.68 5.75 1.77 4.40 4.74 3.48 3.06 7.70 6.90 1.25 5.32 7.51 6.50 1.80 8.31 9.85 2.72 5.57 1.60 6.36 1.34 3.76 5.71 7.78 2.24 9.37 0.49 
6.83 3.13 3.30 7.50 2.81 9.04 9.28 7.21 3.78 2.75 0.27 1.48 9.66 1.52 6.80 7.17 8.01 8.59 5.48 7.86 1.32 1.05 9.47 7.67 2.39 3.23 3.39 0.17 5.47 2.75 0.65 2.30 5.88 3.95 9.80 8.70 2.99 9.08 5.90 6.77 1.83 6.18 8.25 1.49 7.69 5.05 8.66 5.71 3.65 4.14 3.57 4.96 5.19 3.04 2.63 7.57 6.26 6.02 7.74 1.73 8.77 8.39 4.03 4.65 2.34 3.84 3.35 5.33 2.91 9.25 2.10 4.75 5.43 0.36 6.24 3.12 5.41 4.90 8.83 9.05 9.03 2.40 4.02 4.22 5.43 6.65 1.79 1.70 2.66 9.53 3.43 1.43 7.92 7.46 6.08 0.26 1.30 9.43 5.59 4.21 
8.68 7.69 8.96 4.11 8.05 5.20 7.23 3.46 0.10 6.06 2.52 9.13 8.45 6.53 3.35 3.89 3.18 5.14 5.58 5.85 4.67 9.01 7.28 2.59 6.48 3.36 2.85 7.77 2.79 8.44 1.99 1.48 6.14 0.95 5.58 4.19 6.15 2.82 7.66 6.24 8.87 0.17 5.37 7.33 6.71 8.72 1.21 9.89 3.86 6.79 5.74 8.53 5.81 3.01 1.13 2.28 6.38 3.98 0.06 9.17 2.43 2.04 0.65 8.57 2.99 6.23 2.76 9.14 9.05 0.42 5.38 7.92 0.59 0.75 5.25 7.30 9.47 6.46 7.19 3.33 3.25 2.92 1.86 9.06 5.94 2.99 1.34 2.32 6.97 1.40 1.49 9.40 3.44 2.13 7.96 6.43 8.37 0.72 5.57 7.41 
1.14 0.95 5.33 1.73 1.69 0.58 9.03 1.16 7.04 6.22 4.49 0.30 9.14 6.35 9.36 5.08 9.33 0.70 7.40 6.30 2.10 8.89 5.70 5.54 1.02 3.66 1.98 9.39 4.38 7.55 6.80 5.52 8.49 2.14 7.25 0.19 2.72 6.28 1.35 9.76 2.50 5.83 0.05 1.64 2.18 9.41 6.72 1.51 0.11 4.12 7.81 2.21 3.01 3.51 7.75 4.03 7.17 9.73 3.42 1.55 7.28 0.23 7.08 5.77 2.36 4.33 5.96 5.08 0.61 7.30 4.84 3.10 3.14 4.89 4.75 5.31 4.30 1.47 6.83 4.41 5.60 4.64 6.62 8.61 8.15 4.37 2.64 5.32 4.10 6.07 6.88 1.38 6.29 3.96 7.15 8.65 8.28 3.11 3.73 8.89 
